OBJECTID,REGION,NOM_REGION,PROVINCIA,NOM_PROVIN,COMUNA,NOM_COMUNA,T_HOM_R,T_MUJ_R,T_POB_R,T_HOM_U,T_MUJ_U,T_POB_U,T_HOM,T_MUJ,T_POB,T_VIV_U,T_VIV_R,T_VIV,Shape_Leng,Shape__Are,Shape__Len,SUPERFICIE,Densidad_,lat_comuna,lon_comuna,Escudo
1,12,REGIÓN DE MAGALLANES Y DE LA ANTÁRTICA CHILENA,121,MAGALLANES,12102,LAGUNA BLANCA,191,83,274,0,0,0,191,83,274,0,285,285,3.44127449,9341688956.4,509762.682756,3496.80249023,0.0783573,-52.3290846055,-71.2403490256,https://upload.wikimedia.org/wikipedia/commons/0/0c/Comuna_de_Laguna_Blanca.svg
2,2,REGIÓN DE ANTOFAGASTA,22,EL LOA,2202,OLLAGÜE,207,114,321,0,0,0,207,114,321,0,439,439,2.63725027,3388897013.38,308997.730446,2920.85791016,0.10989922,-21.4582406471,-68.3132579862,https://upload.wikimedia.org/wikipedia/commons/6/63/Escudo_de_Ollag%C3%BCe.svg
3,12,REGIÓN DE MAGALLANES Y DE LA ANTÁRTICA CHILENA,123,TIERRA DEL FUEGO,12303,TIMAUKEL,343,62,405,0,0,0,343,62,405,0,214,214,20.83090317,32044560332.7,2862313.3286,11018.5576172,0.03675617,-54.2016999018,-69.5343339111,https://upload.wikimedia.org/wikipedia/commons/d/d7/Comuna_de_Timaukel.svg
4,11,REGIÓN DE AYSÉN DEL GENERAL CARLOS IBÁÑEZ DEL CAMPO,113,CAPITÁN PRAT,11303,TORTEL,285,238,523,0,0,0,285,238,523,0,320,320,98.27734869,44929437798.4,12963181.1577,20106.4277344,0.02601158,-48.0279268652,-74.1672029134,https://upload.wikimedia.org/wikipedia/commons/1/12/Comuna_de_Tortel.svg
5,12,REGIÓN DE MAGALLANES Y DE LA ANTÁRTICA CHILENA,121,MAGALLANES,12103,RÍO VERDE,522,95,617,0,0,0,522,95,617,0,231,231,47.99236353,25055775219.3,6348059.24102,9158.57910156,0.06736853,-52.8440072895,-72.4573600267,https://upload.wikimedia.org/wikipedia/commons/a/af/Comuna_de_R%C3%ADo_Verde.svg
6,11,REGIÓN DE AYSÉN DEL GENERAL CARLOS IBÁÑEZ DEL CAMPO,113,CAPITÁN PRAT,11302,O'HIGGINS,374,251,625,0,0,0,374,251,625,0,363,363,5.77980902,17619864341.7,809630.583554,7773.66015625,0.08039971,-48.4832949503,-72.9090271193,https://upload.wikimedia.org/wikipedia/commons/b/b2/Comuna_de_O%27Higgins.svg
7,15,REGIÓN DE ARICA Y PARINACOTA,152,PARINACOTA,15202,GENERAL LAGOS,412,272,684,0,0,0,412,272,684,0,697,697,2.2648257999999997,2504779645.19,258714.908277,2257.39990234,0.30300346,-17.8292135024,-69.5707228083,https://upload.wikimedia.org/wikipedia/commons/7/7c/Escudo_de_General_Lagos.svg
8,12,REGIÓN DE MAGALLANES Y DE LA ANTÁRTICA CHILENA,121,MAGALLANES,12104,SAN GREGORIO,619,180,799,0,0,0,619,180,799,0,372,372,7.26160767,17994593050.9,952277.9641049999,6742.06689453,0.11850965,-52.317534666,-70.1959724678,https://upload.wikimedia.org/wikipedia/commons/f/fa/Escudo_de_San_Gregorio.png
9,11,REGIÓN DE AYSÉN DEL GENERAL CARLOS IBÁÑEZ DEL CAMPO,111,COYHAIQUE,11102,LAGO VERDE,494,358,852,0,0,0,494,358,852,0,606,606,6.07598579,10678330699.1,779258.451849,5437.75732422,0.15668224,-44.4923446499,-71.8342823809,https://upload.wikimedia.org/wikipedia/commons/b/b2/Comuna_de_Lago_Verde.svg
11,12,REGIÓN DE MAGALLANES Y DE LA ANTÁRTICA CHILENA,123,TIERRA DEL FUEGO,12302,PRIMAVERA,930,228,1158,0,0,0,930,228,1158,0,472,472,5.52661471,11662605826.5,729898.197514,4284.45117188,0.27027965,-52.8180457345,-69.3296827829,https://upload.wikimedia.org/wikipedia/commons/f/f5/Comuna_de_Primavera.svg
12,12,REGIÓN DE MAGALLANES Y DE LA ANTÁRTICA CHILENA,124,ÚLTIMA ESPERANZA,12402,TORRES DEL PAINE,800,409,1209,0,0,0,800,409,1209,0,226,226,5.74225062,16607397275.6,789209.526971,6514.93408203,0.18557364,-51.0402982921,-72.8137769353,https://upload.wikimedia.org/wikipedia/commons/c/c3/Comuna_de_Torres_del_Paine.svg
13,1,REGIÓN DE TARAPACÁ,14,TAMARUGAL,1402,CAMIÑA,657,593,1250,0,0,0,657,593,1250,0,1092,1092,2.11395854,2486391362.34,242555.63865900002,2199.68554688,0.56826305,-19.3734498459,-69.5053391192,https://upload.wikimedia.org/wikipedia/commons/3/30/Escudo_de_Cami%C3%B1a.svg
14,15,REGIÓN DE ARICA Y PARINACOTA,151,ARICA,15102,CAMARONES,726,529,1255,0,0,0,726,529,1255,0,948,948,3.66140297,4424111594.97,415486.324744,3934.91918945,0.31893921,-18.93858957,-69.7140563923,https://upload.wikimedia.org/wikipedia/commons/6/6d/Logomuni-01.png
15,10,REGIÓN DE LOS LAGOS,104,PALENA,10404,PALENA,350,286,636,536,539,1075,886,825,1711,569,433,1002,3.85637432,5077216797.39,499055.66478199995,2653.61474609,0.64478087,-43.6838894873,-71.9835777041,https://upload.wikimedia.org/wikipedia/commons/3/39/Bandera_de_Palena.svg
16,1,REGIÓN DE TARAPACÁ,14,TAMARUGAL,1403,COLCHANE,995,733,1728,0,0,0,995,733,1728,0,2030,2030,3.0907749,4528236010.11,353257.69821999996,4007.41479492,0.43120068,-19.3530234736,-68.8442188762,https://upload.wikimedia.org/wikipedia/commons/e/e0/Escudo_de_Colchane.svg
17,11,REGIÓN DE AYSÉN DEL GENERAL CARLOS IBÁÑEZ DEL CAMPO,112,AYSÉN,11203,GUAITECAS,82,56,138,1084,621,1705,1166,677,1843,612,78,690,10.00449532,1211369795.89,1279899.63877,631.37579346,2.91902232,-43.9310898949,-73.837636296,https://upload.wikimedia.org/wikipedia/commons/9/9b/Escudo_Guaitecas.png
18,12,REGIÓN DE MAGALLANES Y DE LA ANTÁRTICA CHILENA,122,ANTÁRTICA CHILENA,12201,CABO DE HORNOS,153,36,189,1042,832,1874,1195,868,2063,665,97,762,152.49507201,47830572065.9,20655966.6273,15811.216796899998,0.130477,-55.0293737697,-69.2676114487,https://upload.wikimedia.org/wikipedia/commons/d/d6/Escudo_de_Cabo_de_Hornos.svg
19,10,REGIÓN DE LOS LAGOS,104,PALENA,10402,FUTALEUFÚ,427,338,765,948,910,1858,1375,1248,2623,926,507,1433,2.35468126,2325351602.77,304755.904118,1236.54821777,2.1212275000000003,-43.1805554497,-72.0071718855,https://upload.wikimedia.org/wikipedia/commons/e/ef/Futaleufu.svg
20,11,REGIÓN DE AYSÉN DEL GENERAL CARLOS IBÁÑEZ DEL CAMPO,114,GENERAL CARRERA,11402,RÍO IBÁÑEZ,1445,1221,2666,0,0,0,1445,1221,2666,0,1813,1813,4.79889045,12545169349.8,616637.394723,6001.54296875,0.44421911,-46.2997048861,-72.4875462731,https://upload.wikimedia.org/wikipedia/commons/5/5e/Escudo_de_Rio_Ib%C3%A1%C3%B1ez.svg
21,1,REGIÓN DE TARAPACÁ,14,TAMARUGAL,1404,HUARA,901,720,1621,600,509,1109,1501,1229,2730,543,2328,2871,6.20561639,11867326724.4,708182.802786,10471.1933594,0.26071528,-19.6025868446,-69.6628965053,https://upload.wikimedia.org/wikipedia/commons/e/e3/Escudo_de_Huara.svg
22,15,REGIÓN DE ARICA Y PARINACOTA,152,PARINACOTA,15201,PUTRE,361,252,613,1693,459,2152,2054,711,2765,521,1396,1917,3.81494496,6578891020.75,436546.35552,5884.54101563,0.46987525,-18.4275114297,-69.3101930709,https://upload.wikimedia.org/wikipedia/commons/3/32/Escudo_de_Putre.svg
23,6,REGIÓN DEL LIBERTADOR GENERAL BERNARDO O'HIGGINS,62,CARDENAL CARO,6202,LA ESTRELLA,1023,885,1908,580,553,1133,1603,1438,3041,535,1358,1893,1.22460343,634667849.936,149534.449003,433.15686035,7.0205512,-34.2231126322,-71.6025513707,https://upload.wikimedia.org/wikipedia/commons/e/e8/Comuna_de_La_Estrella.svg
24,8,REGIÓN DEL BIOBÍO,83,BIOBÍO,8310,SAN ROSENDO,269,236,505,1392,1515,2907,1661,1751,3412,1130,370,1500,0.5724293,145618822.09399998,70279.8411277,92.24089813,36.99010086,-37.2132269621,-72.7212581436,https://upload.wikimedia.org/wikipedia/commons/6/6e/Escudo_San_Rosendo.png
25,6,REGIÓN DEL LIBERTADOR GENERAL BERNARDO O'HIGGINS,63,COLCHAGUA,6309,PUMANQUE,1751,1670,3421,0,0,0,1751,1670,3421,0,1670,1670,1.06781414,652377725.336,130162.840826,441.33480835,7.75148439,-34.5958698384,-71.6917721695,https://upload.wikimedia.org/wikipedia/commons/2/26/Comuna_de_Pumanque.svg
26,11,REGIÓN DE AYSÉN DEL GENERAL CARLOS IBÁÑEZ DEL CAMPO,113,CAPITÁN PRAT,11301,COCHRANE,419,230,649,1483,1358,2841,1902,1588,3490,1310,461,1771,6.58084153,18804271745.3,868268.340489,8639.51464844,0.40395787,-47.3573604502,-72.7436231209,https://upload.wikimedia.org/wikipedia/commons/0/00/Bandera_Cochrane_Chile.png
27,10,REGIÓN DE LOS LAGOS,102,CHILOÉ,10204,CURACO DE VÉLEZ,1345,1378,2723,508,598,1106,1853,1976,3829,478,1215,1693,0.52435699,145772615.29700002,65125.89977969999,79.28095245,48.29659653,-42.4265401752,-73.5786872572,https://upload.wikimedia.org/wikipedia/commons/5/55/Iglesia_Curaco_de_V%C3%A9lez.jpg
28,10,REGIÓN DE LOS LAGOS,102,CHILOÉ,10206,PUQUELDÓN,1973,1948,3921,0,0,0,1973,1948,3921,0,1641,1641,0.76562278,177490748.602,97718.6362126,95.89519501,40.88838959,-42.626753449,-73.6370931112,https://upload.wikimedia.org/wikipedia/commons/2/2c/Escudo_de_Puqueld%C3%B3n.svg
29,8,REGIÓN DEL BIOBÍO,83,BIOBÍO,8308,QUILACO,1095,1023,2118,906,964,1870,2001,1987,3988,761,1175,1936,2.82440645,1812783548.36,350061.02840300003,1126.77636719,3.5393002,-37.9604016736,-71.7056814327,https://upload.wikimedia.org/wikipedia/commons/4/45/Escudo_de_Quilaco.svg
30,10,REGIÓN DE LOS LAGOS,101,LLANQUIHUE,10103,COCHAMÓ,2195,1828,4023,0,0,0,2195,1828,4023,0,2240,2240,6.16920587,7069885377.63,785253.927791,3931.64257813,1.02323651,-41.7590776763,-72.0917081076,https://upload.wikimedia.org/wikipedia/commons/5/56/Comuna_de_Cocham%C3%B3.svg
31,8,REGIÓN DEL BIOBÍO,83,BIOBÍO,8302,ANTUCO,1022,974,1996,953,1124,2077,1975,2098,4073,861,1147,2008,3.18173412,3097610482.47,390680.890405,1958.6204834000002,2.07952476,-37.3275223478,-71.3670325939,https://upload.wikimedia.org/wikipedia/commons/a/ab/Escudo_de_Antuco.svg
32,7,REGIÓN DEL MAULE,71,TALCA,7104,EMPEDRADO,614,520,1134,1585,1423,3008,2199,1943,4142,1126,534,1660,1.42678512,860620384.959,173674.043147,568.3850708,7.28731298,-35.6135199969,-72.284386519,https://upload.wikimedia.org/wikipedia/commons/a/a3/Comuna_de_Empedrado.svg
33,4,REGIÓN DE COQUIMBO,41,ELQUI,4104,LA HIGUERA,1607,1341,2948,629,664,1293,2236,2005,4241,557,2103,2660,4.46886232,5499324394.85,531925.62657,4161.32666016,1.01914608,-29.3747771258,-70.9025648798,https://upload.wikimedia.org/wikipedia/commons/4/42/Escudo_de_La_Higuera.svg
34,4,REGIÓN DE COQUIMBO,43,LIMARÍ,4305,RÍO HURTADO,2138,2140,4278,0,0,0,2138,2140,4278,0,2764,2764,3.04672419,2976173995.96,362741.379662,2204.08764648,1.94093919,-30.4306794897,-70.653739198,https://upload.wikimedia.org/wikipedia/commons/3/3e/Comuna_de_R%C3%ADo_Hurtado.svg
35,16,REGIÓN DE ÑUBLE,163,PUNILLA,16304,SAN FABIÁN,1388,1226,2614,815,879,1694,2203,2105,4308,904,1402,2306,3.04754596,2396107112.3,379516.701437,1544.82373047,2.78866768,-36.5798231906,-71.2877565913,https://upload.wikimedia.org/wikipedia/commons/7/79/Escudo_de_San_Fabi%C3%A1n.svg
36,7,REGIÓN DEL MAULE,73,CURICÓ,7309,VICHUQUÉN,1618,1514,3132,599,591,1190,2217,2105,4322,564,2901,3465,1.15508888,671583317.619,143627.63741,451.92315674,9.56357288,-34.8413117915,-72.0225310265,https://upload.wikimedia.org/wikipedia/commons/2/20/Escudo_Vichuqu%C3%A9n.png
37,4,REGIÓN DE COQUIMBO,41,ELQUI,4105,PAIGUANO,2240,2257,4497,0,0,0,2240,2257,4497,0,2373,2373,2.00692539,2035479422.71,241573.38625900002,1513.69140625,2.97088289,-30.2376308962,-70.3697470219,https://upload.wikimedia.org/wikipedia/commons/1/1e/Comuna_de_Paihuano.svg
38,16,REGIÓN DE ÑUBLE,162,ITATA,16205,PORTEZUELO,1575,1483,3058,841,963,1804,2416,2446,4862,727,1343,2070,0.87034288,447824610.936,107003.7196,288.68746948,16.84174347,-36.5462820853,-72.4666382514,https://upload.wikimedia.org/wikipedia/commons/1/12/Escudo_de_Portezuelo_%28Chile%29.svg
39,11,REGIÓN DE AYSÉN DEL GENERAL CARLOS IBÁÑEZ DEL CAMPO,114,GENERAL CARRERA,11401,CHILE CHICO,987,716,1703,1590,1572,3162,2577,2288,4865,1436,1166,2602,5.39540748,12245257155.8,702151.108352,5754.48876953,0.84542698,-46.7683852043,-72.586427804,https://upload.wikimedia.org/wikipedia/commons/7/74/Jeinimeni_Lago.jpg
40,16,REGIÓN DE ÑUBLE,162,ITATA,16202,COBQUECURA,1889,1670,3559,636,817,1453,2525,2487,5012,817,2396,3213,1.58544863,886199713.902,198607.148343,576.3237915,8.69649982,-36.1808797901,-72.7205933691,https://upload.wikimedia.org/wikipedia/commons/d/d6/Escudo_de_Cobquecura.svg
41,10,REGIÓN DE LOS LAGOS,104,PALENA,10401,CHAITÉN,2149,1279,3428,867,776,1643,3016,2055,5071,740,1481,2221,10.79893982,15552755014.8,1410514.5764,8290.22363281,0.61168438,-43.0931422114,-72.5758267231,https://upload.wikimedia.org/wikipedia/commons/4/42/Escudo_de_Chait%C3%A9n.svg
42,16,REGIÓN DE ÑUBLE,162,ITATA,16204,NINHUE,1869,1845,3714,698,801,1499,2567,2646,5213,615,1684,2299,1.19658409,622034044.863,147825.294722,402.87890625,12.93937206,-36.3567574884,-72.4097067642,https://upload.wikimedia.org/wikipedia/commons/9/96/ESCUDO_COMUNA_Ninhue.JPG
43,3,REGIÓN DE ATACAMA,33,HUASCO,3302,ALTO DEL CARMEN,2925,2374,5299,0,0,0,2925,2374,5299,0,2927,2927,4.42942332,8078731142.5,527155.309279,6155.73876953,0.86082274,-28.9905003682,-70.1564228881,https://upload.wikimedia.org/wikipedia/commons/2/2a/Escudo_de_Alto_del_Carmen.svg
44,14,REGIÓN DE LOS RÍOS,141,VALDIVIA,14102,CORRAL,935,886,1821,1700,1781,3481,2635,2667,5302,1450,1124,2574,2.70129277,1228398138.14,338809.178877,720.00378418,7.36385012,-39.9851786998,-73.3716133312,https://upload.wikimedia.org/wikipedia/commons/0/0f/Escudo_de_Corral.svg
45,10,REGIÓN DE LOS LAGOS,102,CHILOÉ,10207,QUEILÉN,1611,1451,3062,1162,1161,2323,2773,2612,5385,957,1493,2450,2.06502732,615108764.0,259289.505906,330.23956299,16.30634308,-42.8557290758,-73.5643440522,https://upload.wikimedia.org/wikipedia/commons/8/84/Escudoqueilen.jpg
46,16,REGIÓN DE ÑUBLE,162,ITATA,16207,TREGUACO,1867,1760,3627,836,938,1774,2703,2698,5401,736,1788,2524,1.201884,484071326.182,147016.565145,312.81195068,17.26596451,-36.428007033,-72.6597876752,https://upload.wikimedia.org/wikipedia/commons/a/a5/Escudo_de_Trehuaco.svg
47,16,REGIÓN DE ÑUBLE,162,ITATA,16206,RÁNQUIL,2088,2080,4168,754,833,1587,2842,2913,5755,675,2151,2826,0.83418372,386357581.465,101751.02970099999,248.37078857,23.17100143,-36.6404630897,-72.5879597646,https://upload.wikimedia.org/wikipedia/commons/d/de/Comuna_de_R%C3%A1nquil.svg
48,8,REGIÓN DEL BIOBÍO,83,BIOBÍO,8314,ALTO BIOBÍO,3036,2887,5923,0,0,0,3036,2887,5923,0,2137,2137,2.59122196,3414319254.76,321774.096447,2127.01147461,2.78465819,-37.8654492171,-71.3474499917,https://upload.wikimedia.org/wikipedia/commons/c/c8/Comuna_de_Alto_Biob%C3%ADo.svg
49,8,REGIÓN DEL BIOBÍO,82,ARAUCO,8204,CONTULMO,1568,1402,2970,1460,1601,3061,3028,3003,6031,1228,1466,2694,1.98677296,1033771357.65,247329.51563699997,639.83618164,9.42584991,-38.0524592177,-73.2119647769,https://upload.wikimedia.org/wikipedia/commons/4/41/Escudo_de_Contulmo.svg
50,9,REGIÓN DE LA ARAUCANÍA,91,CAUTÍN,9110,MELIPEUCO,1748,1583,3331,1343,1464,2807,3091,3047,6138,1113,1629,2742,1.7626746,1825384390.46,220281.880125,1108.51818848,5.5371213,-38.8246406469,-71.6108924678,https://upload.wikimedia.org/wikipedia/commons/7/79/Comuna_de_Melipeuco.svg
51,6,REGIÓN DEL LIBERTADOR GENERAL BERNARDO O'HIGGINS,62,CARDENAL CARO,6206,PAREDONES,2301,2045,4346,919,923,1842,3220,2968,6188,828,3024,3852,1.3052208,850074173.457,162088.604445,574.07818604,10.77902031,-34.6733611039,-71.9115377098,https://upload.wikimedia.org/wikipedia/commons/9/9e/Escudo_de_Paredones.svg
52,6,REGIÓN DEL LIBERTADOR GENERAL BERNARDO O'HIGGINS,62,CARDENAL CARO,6203,LITUECHE,1562,1364,2926,1725,1643,3368,3287,3007,6294,1434,2051,3485,1.87532959,905889919.795,226737.24452600002,619.38336182,10.16172028,-34.1070309895,-71.7330914364,https://upload.wikimedia.org/wikipedia/commons/5/5f/Comuna_de_Litueche.svg
53,5,REGIÓN DE VALPARAÍSO,54,PETORCA,5403,PAPUDO,619,323,942,2722,2692,5414,3341,3015,6356,5393,430,5823,0.6840752,234596116.79900002,82471.2920015,166.61825562,38.14708328,-32.4749351233,-71.3803278083,https://upload.wikimedia.org/wikipedia/commons/8/85/Escudo_de_Papudo.svg
54,13,REGIÓN METROPOLITANA DE SANTIAGO,135,MELIPILLA,13502,ALHUÉ,1955,1705,3660,1561,1223,2784,3516,2928,6444,1100,1558,2658,1.53548277,1233230276.93,184082.712097,844.64398193,7.62924957,-34.0427291332,-71.0564425064,https://upload.wikimedia.org/wikipedia/commons/a/af/Comuna_de_Alhu%C3%A9.svg
55,2,REGIÓN DE ANTOFAGASTA,23,TOCOPILLA,2302,MARÍA ELENA,1318,214,1532,2774,2151,4925,4092,2365,6457,1793,166,1959,5.47360045,14561258605.2,637254.833444,12431.7871094,0.51939434,-22.0929370368,-69.4670674746,https://upload.wikimedia.org/wikipedia/commons/e/ef/Escudo_de_Mar%C3%ADa_Elena.svg
56,11,REGIÓN DE AYSÉN DEL GENERAL CARLOS IBÁÑEZ DEL CAMPO,112,AYSÉN,11202,CISNES,1760,643,2403,2162,1952,4114,3922,2595,6517,1725,1215,2940,74.32063586,30225633304.9,9570064.768760001,15408.5,0.42294839,-44.4562344109,-73.1371398973,https://upload.wikimedia.org/wikipedia/commons/7/77/Escudo_de_Cisnes.svg
57,6,REGIÓN DEL LIBERTADOR GENERAL BERNARDO O'HIGGINS,62,CARDENAL CARO,6205,NAVIDAD,3475,3166,6641,0,0,0,3475,3166,6641,0,5525,5525,0.93201475,435844577.07199997,114251.988972,298.90045166,22.21809959,-34.0127664329,-71.8207690244,https://upload.wikimedia.org/wikipedia/commons/6/63/Coat_of_arms_of_Navidad.jpg
58,7,REGIÓN DEL MAULE,73,CURICÓ,7303,LICANTÉN,899,789,1688,2454,2511,4965,3353,3300,6653,3184,775,3959,1.12652289,405683609.576,138129.961152,272.01712036,24.45802116,-34.9742866969,-72.060329116,https://upload.wikimedia.org/wikipedia/commons/5/54/Escudo_de_Licant%C3%A9n.svg
59,12,REGIÓN DE MAGALLANES Y DE LA ANTÁRTICA CHILENA,123,TIERRA DEL FUEGO,12301,PORVENIR,610,129,739,3383,2679,6062,3993,2808,6801,2440,747,3187,6.56143692,20462072272.6,898301.32325,7347.94824219,0.92556447,-53.3131314213,-69.3800932016,https://upload.wikimedia.org/wikipedia/commons/0/07/LogoOficialMuni.png
60,6,REGIÓN DEL LIBERTADOR GENERAL BERNARDO O'HIGGINS,63,COLCHAGUA,6304,LOLOL,2297,2085,4382,1174,1255,2429,3471,3340,6811,1014,1968,2982,1.40817665,886407475.4139999,173083.864962,597.06903076,11.40739155,-34.7682481718,-71.6488324554,https://upload.wikimedia.org/wikipedia/commons/b/b2/Escudo_de_Lolol.svg
61,9,REGIÓN DE LA ARAUCANÍA,91,CAUTÍN,9113,PERQUENCO,1689,1652,3341,1706,1858,3564,3395,3510,6905,1431,1446,2877,1.17636179,540513730.785,143680.77108099998,331.36169434,20.83825684,-38.428277539,-72.4366359412,https://upload.wikimedia.org/wikipedia/commons/c/ca/Comuna_de_Perquenco.svg
62,3,REGIÓN DE ATACAMA,33,HUASCO,3303,FREIRINA,1357,1095,2452,2200,2389,4589,3557,3484,7041,1758,1753,3511,4.11593934,4212751840.83,490348.225809,3223.52026367,2.18425798,-28.8119566657,-71.1788201806,https://upload.wikimedia.org/wikipedia/commons/5/51/Escudo_Freirina..svg
63,14,REGIÓN DE LOS RÍOS,141,VALDIVIA,14105,MÁFIL,1492,1360,2852,2000,2243,4243,3492,3603,7095,1509,1203,2712,1.8726148,976636777.727,232832.908613,577.55908203,12.28445721,-39.6920999834,-72.8639087599,https://upload.wikimedia.org/wikipedia/commons/5/51/Escudo_de_M%C3%A1fil.png
64,9,REGIÓN DE LA ARAUCANÍA,92,MALLECO,9206,LOS SAUCES,1505,1342,2847,2102,2316,4418,3607,3658,7265,1764,1287,3051,1.688564,1369293325.77,207025.063687,849.45715332,8.55252075,-37.9828557075,-72.7969068396,https://upload.wikimedia.org/wikipedia/commons/5/57/Escudo_de_Los_Sauces.svg
65,5,REGIÓN DE VALPARAÍSO,57,SAN FELIPE DE ACONCAGUA,5704,PANQUEHUE,1751,1716,3467,1926,1880,3806,3677,3596,7273,1315,1199,2514,0.56763906,171872797.371,66678.9991525,121.08937836,60.06306839,-32.7936970201,-70.8283122248,https://upload.wikimedia.org/wikipedia/commons/0/02/Escudo_de_Panquehue.svg
66,6,REGIÓN DEL LIBERTADOR GENERAL BERNARDO O'HIGGINS,62,CARDENAL CARO,6204,MARCHIHUE,2094,1893,3987,1651,1670,3321,3745,3563,7308,1500,1919,3419,1.65396539,967222047.479,202216.29486700002,657.71221924,11.11124325,-34.3725789625,-71.6717648667,https://upload.wikimedia.org/wikipedia/commons/3/35/Quebradamgue.jpg
67,5,REGIÓN DE VALPARAÍSO,54,PETORCA,5405,ZAPALLAR,1240,1086,2326,2464,2549,5013,3704,3635,7339,5161,1800,6961,0.95784655,408040672.05300003,115527.977149,289.02383423,25.39236832,-32.5874828078,-71.3362776202,https://upload.wikimedia.org/wikipedia/commons/f/f1/Escudo_de_Zapallar.svg
68,6,REGIÓN DEL LIBERTADOR GENERAL BERNARDO O'HIGGINS,61,CACHAPOAL,6103,COINCO,2024,1911,3935,1705,1719,3424,3729,3630,7359,1245,1563,2808,0.60801139,142817347.607,72907.5176898,97.71389771,75.31170654,-34.2823216055,-70.97110458,https://upload.wikimedia.org/wikipedia/commons/3/3f/Comuna_de_Coinco.svg
69,9,REGIÓN DE LA ARAUCANÍA,91,CAUTÍN,9104,CURARREHUE,2709,2504,5213,1112,1164,2276,3821,3668,7489,932,2349,3281,2.48636867,1948683222.03,316553.805992,1168.32177734,6.41004896,-39.3364715255,-71.5391563454,https://upload.wikimedia.org/wikipedia/commons/1/14/Comuna_de_Curarrehue.svg
70,10,REGIÓN DE LOS LAGOS,103,OSORNO,10306,SAN JUAN DE LA COSTA,3399,2943,6342,612,558,1170,4011,3501,7512,1687,3627,5314,2.60686106,2630425915.47,328155.238211,1518.11816406,4.94823122,-40.5089957648,-73.5591952549,https://upload.wikimedia.org/wikipedia/commons/c/cf/Comuna_de_San_Juan_de_la_Costa.svg
71,7,REGIÓN DEL MAULE,72,CAUQUENES,7203,PELLUHUE,1819,1671,3490,1946,2135,4081,3765,3806,7571,3501,2290,5791,1.29495048,564084594.838,160176.48610799998,369.66906738,20.48048019,-35.9115389247,-72.6074092657,https://upload.wikimedia.org/wikipedia/commons/e/e1/Escudo_Pelluhue.png
72,9,REGIÓN DE LA ARAUCANÍA,92,MALLECO,9204,ERCILLA,2116,1977,4093,1701,1939,3640,3817,3916,7733,1448,1373,2821,1.74189719,805995433.855,212005.20289000002,498.68188477,15.50687981,-38.0828410497,-72.3531374892,https://upload.wikimedia.org/wikipedia/commons/a/a8/Comuna_de_Ercilla.svg
74,10,REGIÓN DE LOS LAGOS,102,CHILOÉ,10210,QUINCHAO,2485,2394,4879,1456,1753,3209,3941,4147,8088,1339,2227,3566,2.27815084,291215727.398,290462.898902,157.69084167,51.29022979999999,-42.521585106,-73.3589227833,https://upload.wikimedia.org/wikipedia/commons/b/b0/Escudo_de_Quinchao.png
75,7,REGIÓN DEL MAULE,71,TALCA,7107,PENCAHUE,2548,2259,4807,1694,1744,3438,4242,4003,8245,1254,2301,3555,1.75960731,1438625970.35,214402.305676,956.38098145,8.6210413,-35.3275247151,-71.8161738166,https://upload.wikimedia.org/wikipedia/commons/9/90/Escudo_de_Pencahue.png
76,10,REGIÓN DE LOS LAGOS,102,CHILOÉ,10209,QUEMCHI,3090,2750,5840,1218,1294,2512,4308,4044,8352,1126,2734,3860,3.63759537,802604000.988,460274.69603100006,440.70068359,18.95163918,-42.1789504236,-73.4114986361,https://upload.wikimedia.org/wikipedia/commons/f/fc/Escudo_de_Quemchi.png
77,7,REGIÓN DEL MAULE,71,TALCA,7106,PELARCO,2980,2855,5835,1251,1336,2587,4231,4191,8422,920,2362,3282,1.14414628,498573968.65800005,137191.771524,330.84240723,25.45622826,-35.3830758129,-71.3500292078,https://upload.wikimedia.org/wikipedia/commons/5/5e/Escudo_de_Pelarco.png
78,16,REGIÓN DE ÑUBLE,161,DIGUILLÍN,16105,PEMUCO,2194,2086,4280,2027,2141,4168,4221,4227,8448,1541,1889,3430,2.02686031,882226498.516,242420.856664,562.33685303,15.02302361,-36.9830646776,-72.0678475373,https://upload.wikimedia.org/wikipedia/commons/0/04/Escudo_de_Pemuco.svg
79,6,REGIÓN DEL LIBERTADOR GENERAL BERNARDO O'HIGGINS,63,COLCHAGUA,6308,PLACILLA,3234,3129,6363,1198,1177,2375,4432,4306,8738,844,2336,3180,0.55438262,213666461.50599998,67740.8343497,144.26750183,60.56804276,-34.6190012575,-71.0863094472,https://upload.wikimedia.org/wikipedia/commons/b/b8/Escudo_de_Placilla.svg
80,7,REGIÓN DEL MAULE,72,CAUQUENES,7202,CHANCO,2596,2411,5007,1854,2067,3921,4450,4478,8928,1609,2095,3704,1.33527325,802100029.705,165847.524931,528.56341553,16.8910675,-35.6989405518,-72.4850225684,https://upload.wikimedia.org/wikipedia/commons/f/f4/Escudo_Chanco.png
81,10,REGIÓN DE LOS LAGOS,104,PALENA,10403,HUALAIHUÉ,2876,2427,5303,1825,1816,3641,4701,4243,8944,1686,2753,4439,6.29963137,5268254767.21,811101.653976,2891.75219727,3.09293437,-42.1767030485,-72.3775160289,https://upload.wikimedia.org/wikipedia/commons/b/b3/Comuna_de_Hualaihu%C3%A9.svg
82,10,REGIÓN DE LOS LAGOS,103,OSORNO,10302,PUERTO OCTAY,3680,3266,6946,1041,1012,2053,4721,4278,8999,758,3341,4099,3.03996818,3145091512.62,370381.022662,1793.4498290999998,5.01770401,-40.9334514982,-72.5996861674,https://upload.wikimedia.org/wikipedia/commons/1/14/Escudo_de_Puerto_Octay.svg
83,4,REGIÓN DE COQUIMBO,42,CHOAPA,4202,CANELA,3680,3453,7133,952,1008,1960,4632,4461,9093,1009,4269,5278,2.93368022,3023150715.03,354071.937931,2196.67211914,4.13944387,-31.4018389133,-71.3943841986,https://upload.wikimedia.org/wikipedia/commons/d/df/Arms_of_Canela.svg
84,7,REGIÓN DEL MAULE,71,TALCA,7110,SAN RAFAEL,2166,2057,4223,2403,2565,4968,4569,4622,9191,1782,1811,3593,0.96793795,395618296.78900003,117189.348975,262.28567505,35.041942600000006,-35.3015046094,-71.5004743803,https://upload.wikimedia.org/wikipedia/commons/f/f9/Escudo_de_San_Rafael_%28Chile%29.svg
85,1,REGIÓN DE TARAPACÁ,14,TAMARUGAL,1405,PICA,4626,758,5384,1924,1988,3912,6550,2746,9296,2067,659,2726,5.99204294,10298034749.6,691138.318079,8983.28222656,1.03481102,-20.4789531968,-68.9122031293,https://upload.wikimedia.org/wikipedia/commons/1/1c/Escudo_de_Pica.svg
86,7,REGIÓN DEL MAULE,71,TALCA,7103,CUREPTO,3212,2847,6059,1640,1749,3389,4852,4596,9448,1484,3072,4556,1.8814499,1600601692.94,232997.135302,1068.86877441,8.83925152,-35.1297379581,-71.9529801365,https://upload.wikimedia.org/wikipedia/commons/d/d5/Escudo_de_curepto_2014.jpg
87,9,REGIÓN DE LA ARAUCANÍA,92,MALLECO,9207,LUMACO,2941,2574,5515,1986,2047,4033,4927,4621,9548,1687,2167,3854,2.27190369,1801725345.94,283707.93278000003,1108.1907959,8.61584473,-38.2871424252,-73.0457005279,https://upload.wikimedia.org/wikipedia/commons/0/07/Plaza_Las_Banderas_de_Lumaco.jpg
88,8,REGIÓN DEL BIOBÍO,83,BIOBÍO,8309,QUILLECO,2012,1989,4001,2708,2878,5586,4720,4867,9587,2094,1786,3880,2.44868272,1783508480.1,297620.754631,1123.51306152,8.53305626,-37.4367035948,-71.8615463754,https://upload.wikimedia.org/wikipedia/commons/1/1e/Escudo_de_Quilleco.svg
89,7,REGIÓN DEL MAULE,73,CURICÓ,7302,HUALAÑÉ,2016,1898,3914,2867,2876,5743,4883,4774,9657,2426,1903,4329,1.75596022,942370842.395,214202.16295199998,631.98950195,15.28031731,-34.952615122,-71.7087939486,https://upload.wikimedia.org/wikipedia/commons/9/96/Escudo-huala%C3%B1e-original.jpg
90,9,REGIÓN DE LA ARAUCANÍA,91,CAUTÍN,9118,TOLTÉN,3013,2841,5854,1870,1998,3868,4883,4839,9722,1608,2545,4153,1.58462536,1418067445.06,200683.682153,850.00604248,11.437565800000002,-39.2169624514,-73.065775374,https://upload.wikimedia.org/wikipedia/commons/d/dd/Comuna_de_Tolt%C3%A9n.svg
91,13,REGIÓN METROPOLITANA DE SANTIAGO,135,MELIPILLA,13505,SAN PEDRO,5132,4594,9726,0,0,0,5132,4594,9726,0,4187,4187,1.59626707,1145957342.26,193496.786629,787.97216797,12.3430748,-33.9317902219,-71.4527103289,https://upload.wikimedia.org/wikipedia/commons/d/db/Escudo_de_San_Pedro_%28Chile%29.svg
92,8,REGIÓN DEL BIOBÍO,83,BIOBÍO,8307,NEGRETE,1874,1808,3682,2939,3116,6055,4813,4924,9737,2105,1416,3521,0.76287428,247799050.29700002,95503.4663114,155.36087036,62.67343903,-37.6080826551,-72.5763606925,https://upload.wikimedia.org/wikipedia/commons/f/f0/Escudo_de_Negrete.svg
93,5,REGIÓN DE VALPARAÍSO,54,PETORCA,5404,PETORCA,2865,2858,5723,2024,2079,4103,4889,4937,9826,1809,2637,4446,2.15865551,2123642732.9,256687.216671,1516.52062988,6.47930479,-32.1905086567,-70.869906028,https://upload.wikimedia.org/wikipedia/commons/6/69/Comuna_de_Petorca.svg
94,14,REGIÓN DE LOS RÍOS,142,RANCO,14203,LAGO RANCO,3945,3682,7627,1100,1169,2269,5045,4851,9896,1215,4130,5345,2.98045251,3007888220.52,367260.20828099997,1744.984375,5.67111063,-40.3726777372,-72.1661660163,https://upload.wikimedia.org/wikipedia/commons/f/fe/Escudo_de_Lago_Ranco.svg
95,10,REGIÓN DE LOS LAGOS,103,OSORNO,10307,SAN PABLO,2803,2618,5421,2175,2434,4609,4978,5052,10030,1702,2533,4235,1.87396457,1084334328.89,232810.12649099997,627.51879883,15.983584400000002,-40.4273250967,-73.1616793387,https://upload.wikimedia.org/wikipedia/commons/4/48/Comuna_de_San_Pablo.svg
96,3,REGIÓN DE ATACAMA,33,HUASCO,3304,HUASCO,730,517,1247,4513,4389,8902,5243,4906,10149,3766,2460,6226,3.0091287,2071849105.8,358767.281468,1601.7064209,6.33636713,-28.2462586789,-71.0280980766,https://upload.wikimedia.org/wikipedia/commons/3/3b/Escudo_de_Huasco.svg
97,2,REGIÓN DE ANTOFAGASTA,21,ANTOFAGASTA,2103,SIERRA GORDA,8662,1524,10186,0,0,0,8662,1524,10186,0,570,570,5.03929029,15344048414.3,583905.195171,12880.4150391,0.79081303,-23.256414364,-69.3055670988,https://upload.wikimedia.org/wikipedia/commons/e/ef/Escudo_de_Sierra_Gorda.svg
98,5,REGIÓN DE VALPARAÍSO,53,LOS ANDES,5303,RINCONADA,1108,1034,2142,4026,4039,8065,5134,5073,10207,2802,832,3634,0.56231082,175026759.42,69098.925815,123.07289886,82.93458557,-32.8763396721,-70.7061975531,https://upload.wikimedia.org/wikipedia/commons/a/a4/Escudo_de_Rinconada.svg
99,9,REGIÓN DE LA ARAUCANÍA,92,MALLECO,9209,RENAICO,1012,886,1898,3945,4407,8352,4957,5293,10250,3215,713,3928,1.13419687,424376411.98,142091.254093,265.12167358,38.66149139,-37.7175856821,-72.5755910381,https://upload.wikimedia.org/wikipedia/commons/3/30/Escudo_de_Renaico.svg
100,9,REGIÓN DE LA ARAUCANÍA,92,MALLECO,9205,LONQUIMAY,3370,3094,6464,1976,1811,3787,5346,4905,10251,1581,3209,4790,3.58888008,6426573129.5,449277.21838999994,3936.6862793000005,2.60396671,-38.4733237141,-71.2397410148,https://upload.wikimedia.org/wikipedia/commons/7/7f/Comuna_de_Lonquimay.svg
101,8,REGIÓN DEL BIOBÍO,82,ARAUCO,8207,TIRÚA,3378,3301,6679,1817,1921,3738,5195,5222,10417,1609,2443,4052,1.60945601,1019758788.56,205804.165088,626.70831299,16.62176895,-38.2972005966,-73.3944052784,https://upload.wikimedia.org/wikipedia/commons/d/d4/Escudo_de_Tir%C3%BAa.svg
102,7,REGIÓN DEL MAULE,73,CURICÓ,7305,RAUCO,2552,2401,4953,2686,2845,5531,5238,5246,10484,2027,2131,4158,1.35574782,460962580.951,162931.804258,309.25665283,33.90064621,-34.9377136252,-71.4257655703,https://upload.wikimedia.org/wikipedia/commons/6/69/EscudoRauco.png
103,8,REGIÓN DEL BIOBÍO,81,CONCEPCIÓN,8104,FLORIDA,3203,2861,6064,2183,2377,4560,5386,5238,10624,1756,3416,5172,1.42033941,946532324.0,175992.449277,605.49334717,17.54602242,-36.8223061835,-72.7177998529,https://upload.wikimedia.org/wikipedia/commons/f/ff/Escudo_de_Florida_%28Chile%29.svg
104,16,REGIÓN DE ÑUBLE,161,DIGUILLÍN,16106,PINTO,2738,2631,5369,2598,2860,5458,5336,5491,10827,2532,2897,5429,2.66765788,1729502955.97,323736.153833,1105.20800781,9.79634571,-36.9214503508,-71.4999442772,https://upload.wikimedia.org/wikipedia/commons/3/3c/Escudo_de_Pinto_%28Chile%29.svg
105,5,REGIÓN DE VALPARAÍSO,56,SAN ANTONIO,5606,SANTO DOMINGO,2471,2213,4684,2957,3259,6216,5428,5472,10900,4385,3443,7828,1.17551669,771919876.8360001,145674.803175,531.67382813,20.50129128,-33.8094452936,-71.6765110141,https://upload.wikimedia.org/wikipedia/commons/9/95/Comuna_de_Santo_Domingo.svg
106,4,REGIÓN DE COQUIMBO,43,LIMARÍ,4304,PUNITAQUI,2666,2442,5108,2786,3062,5848,5452,5504,10956,2429,2383,4812,2.23834895,1489514351.72,268506.200045,1092.75195313,10.02606297,-30.9461005607,-71.3326274023,https://upload.wikimedia.org/wikipedia/commons/c/c9/Escudo_Punitaqui.png
107,2,REGIÓN DE ANTOFAGASTA,22,EL LOA,2203,SAN PEDRO DE ATACAMA,3443,2029,5472,2718,2806,5524,6161,4835,10996,1979,2165,4144,6.75111239,28098847866.6,785747.280213,23539.0820313,0.46713802,-23.4017631814,-67.9093983783,https://upload.wikimedia.org/wikipedia/commons/5/5b/Escudo_de_San_Pedro_de_Atacama.svg
108,6,REGIÓN DEL LIBERTADOR GENERAL BERNARDO O'HIGGINS,63,COLCHAGUA,6307,PERALILLO,2254,2116,4370,3284,3353,6637,5538,5469,11007,2604,1886,4490,0.95749061,416263186.109,116181.22630699999,282.36148071,38.98194504,-34.4660185232,-71.4966804722,https://upload.wikimedia.org/wikipedia/commons/c/c9/Comuna_de_Peralillo.svg
109,4,REGIÓN DE COQUIMBO,41,ELQUI,4103,ANDACOLLO,543,493,1036,4976,5032,10008,5519,5525,11044,3807,699,4506,1.25506824,692011215.635,150059.637044,514.80078125,21.45295906,-30.2594312428,-71.1006377659,https://upload.wikimedia.org/wikipedia/commons/6/6e/Escudo_de_andacollo.png
110,16,REGIÓN DE ÑUBLE,163,PUNILLA,16303,ÑIQUÉN,5098,4901,9999,518,635,1153,5616,5536,11152,523,4319,4842,1.57609703,761201673.502,192477.49782699998,494.012146,22.57434464,-36.3022964962,-71.8979040739,https://upload.wikimedia.org/wikipedia/commons/6/66/Escudo_de_%C3%91iqu%C3%A9n.svg
111,16,REGIÓN DE ÑUBLE,162,ITATA,16201,QUIRIHUE,1159,962,2121,4520,4953,9473,5679,5915,11594,4101,1147,5248,1.78313386,899020977.781,219747.251488,584.00952148,19.85241699,-36.2355993306,-72.5436475817,https://upload.wikimedia.org/wikipedia/commons/b/b9/Escudo_de_Quirihue.svg
112,16,REGIÓN DE ÑUBLE,163,PUNILLA,16305,SAN NICOLÁS,3434,3282,6716,2362,2525,4887,5796,5807,11603,1784,2943,4727,1.33670261,878015120.207,162472.117507,567.07128906,20.46127319,-36.4796077479,-72.2283817817,https://upload.wikimedia.org/wikipedia/commons/a/a2/Escudo_de_San_Nicol%C3%A1s_%28Chile%29.svg
113,9,REGIÓN DE LA ARAUCANÍA,91,CAUTÍN,9121,CHOLCHOL,3758,3497,7255,2015,2341,4356,5773,5838,11611,1431,2782,4213,1.19777695,703896181.0389999,150665.362869,429.54290771,27.03105927,-38.5834330094,-72.9023872851,https://upload.wikimedia.org/wikipedia/commons/5/51/Comuna_de_Cholchol.svg
114,10,REGIÓN DE LOS LAGOS,103,OSORNO,10304,PUYEHUE,3560,3109,6669,2398,2600,4998,5958,5709,11667,1833,3078,4911,3.37192808,2861396384.06,410786.573676,1642.23828125,7.10432863,-40.7258239494,-72.384008281,https://upload.wikimedia.org/wikipedia/commons/6/6c/Comuna_de_Puyehue.svg
115,9,REGIÓN DE LA ARAUCANÍA,92,MALLECO,9208,PURÉN,2163,2083,4246,3514,4019,7533,5677,6102,11779,3110,1699,4809,1.37257326,748162078.9489999,170366.35340599998,463.55065918,25.41038322,-38.0121451066,-73.0504211711,https://upload.wikimedia.org/wikipedia/commons/d/dd/Escudo_de_Pur%C3%A9n.svg
116,9,REGIÓN DE LA ARAUCANÍA,91,CAUTÍN,9106,GALVARINO,4076,3771,7847,1956,2193,4149,6032,5964,11996,1475,2800,4275,1.42140612,928215155.992,176700.613311,568.44287109,21.10326576,-38.4482173337,-72.7917283082,https://upload.wikimedia.org/wikipedia/commons/9/90/Escudo_de_Galvarino.png
117,16,REGIÓN DE ÑUBLE,161,DIGUILLÍN,16104,EL CARMEN,3707,3476,7183,2260,2601,4861,5967,6077,12044,1891,3022,4913,1.5897586000000001,1044451751.01,189569.129,667.01165771,18.05665588,-36.9251112652,-71.8471105616,https://upload.wikimedia.org/wikipedia/commons/6/65/%C3%91uble_location_map.svg
118,3,REGIÓN DE ATACAMA,32,CHAÑARAL,3201,CHAÑARAL,624,512,1136,5646,5437,11083,6270,5949,12219,4252,1901,6153,4.27586012,7222324856.48,501721.078109,5771.23681641,2.11722374,-26.3725371013,-70.3379746068,https://upload.wikimedia.org/wikipedia/commons/e/ef/Escudo_de_Cha%C3%B1aral.svg
119,10,REGIÓN DE LOS LAGOS,101,LLANQUIHUE,10104,FRESIA,2629,2301,4930,3552,3779,7331,6181,6080,12261,2795,2467,5262,2.6233875,2250857746.85,330414.200523,1274.17456055,9.62270069,-41.1545474886,-73.6067200675,https://upload.wikimedia.org/wikipedia/commons/0/0b/Comuna_de_Fresia.svg
120,9,REGIÓN DE LA ARAUCANÍA,91,CAUTÍN,9116,SAAVEDRA,4879,4842,9721,1250,1479,2729,6129,6321,12450,1241,4445,5686,1.17101326,643819229.332,149771.676478,389.95123291,31.92707062,-38.8325547451,-73.2955377625,https://upload.wikimedia.org/wikipedia/commons/a/a3/Escudo_de_Saavedra_%28Chile%29.svg
121,6,REGIÓN DEL LIBERTADOR GENERAL BERNARDO O'HIGGINS,63,COLCHAGUA,6306,PALMILLA,4631,4387,9018,1700,1764,3464,6331,6151,12482,1232,3321,4553,0.85357714,347149636.561,102886.830948,235.22695923,53.06364441,-34.5279648403,-71.3529130902,https://upload.wikimedia.org/wikipedia/commons/2/2d/Escudo_Palmilla.jpg
122,6,REGIÓN DEL LIBERTADOR GENERAL BERNARDO O'HIGGINS,61,CACHAPOAL,6102,CODEGUA,3056,2913,5969,3454,3565,7019,6510,6478,12988,2364,2038,4402,1.25418491,417146783.438,150733.995145,285.4581604,45.49879074,-34.0570836011,-70.547188352,https://upload.wikimedia.org/wikipedia/commons/f/f3/Comuna_de_Codegua.svg
123,6,REGIÓN DEL LIBERTADOR GENERAL BERNARDO O'HIGGINS,61,CACHAPOAL,6114,QUINTA DE TILCOCO,2944,2780,5724,3575,3703,7278,6519,6483,13002,2603,2137,4740,0.44663831,127652869.244,53803.51737459999,86.75296021,149.87385559,-34.3592220744,-70.9980672834,https://upload.wikimedia.org/wikipedia/commons/b/b2/Comuna_de_Quinta_de_Tilcoco.svg
124,5,REGIÓN DE VALPARAÍSO,56,SAN ANTONIO,5605,EL TABO,354,317,671,6328,6287,12615,6682,6604,13286,19536,1060,20596,0.59893512,142687727.025,72091.6556535,98.97386932,134.23744202,-33.482883833,-71.5806343546,https://upload.wikimedia.org/wikipedia/commons/c/cf/Comuna_de_El_Tabo.svg
125,2,REGIÓN DE ANTOFAGASTA,21,ANTOFAGASTA,2104,TALTAL,1780,414,2194,5701,5422,11123,7481,5836,13317,3905,688,4593,7.39619564,25089241898.0,859635.692023,20403.0625,0.65269613,-25.3133031739,-69.8652040215,https://upload.wikimedia.org/wikipedia/commons/1/19/Escudo_de_Taltal.svg
126,4,REGIÓN DE COQUIMBO,43,LIMARÍ,4302,COMBARBALÁ,3801,3523,7324,2855,3143,5998,6656,6666,13322,2655,4344,6999,2.73064886,3144702788.45,328965.483898,2296.44140625,5.80114937,-31.1464545741,-70.9657356492,https://upload.wikimedia.org/wikipedia/commons/d/d0/Escudo_de_Combarbal%C3%A1.svg
127,6,REGIÓN DEL LIBERTADOR GENERAL BERNARDO O'HIGGINS,61,CACHAPOAL,6109,MALLOA,4044,3905,7949,2775,2683,5458,6819,6588,13407,1863,3160,5023,1.08630512,324704461.076,131887.38568399998,220.20779419,60.88340378,-34.4764967817,-70.8729170446,https://upload.wikimedia.org/wikipedia/commons/c/cb/Malloa_plaza.jpg
128,2,REGIÓN DE ANTOFAGASTA,21,ANTOFAGASTA,2102,MEJILLONES,331,182,513,7704,5250,12954,8035,5432,13467,3640,576,4216,3.28663848,4230302435.15,383072.076236,3568.84399414,3.77349067,-22.9465783529,-70.2030457945,https://upload.wikimedia.org/wikipedia/commons/1/12/Escudo_de_Mejillones.svg
129,13,REGIÓN METROPOLITANA DE SANTIAGO,135,MELIPILLA,13504,MARÍA PINTO,3520,3403,6923,3310,3357,6667,6830,6760,13590,2261,2591,4852,1.07762756,568714163.834,129127.987169,394.59832764,34.44008255,-33.4980838305,-71.2104003581,https://upload.wikimedia.org/wikipedia/commons/7/70/Municipalidad_Mar%C3%ADa_Pinto.jpg
130,6,REGIÓN DEL LIBERTADOR GENERAL BERNARDO O'HIGGINS,61,CACHAPOAL,6111,OLIVAR,2186,2134,4320,4636,4652,9288,6822,6786,13608,3189,1447,4636,0.3978629,69414146.4375,46209.053623800006,47.31000137,287.63476563,-34.2115968517,-70.8210998259,https://upload.wikimedia.org/wikipedia/commons/3/30/Escudo_de_El_Olivar.svg
131,8,REGIÓN DEL BIOBÍO,81,CONCEPCIÓN,8109,SANTA JUANA,2229,1926,4155,4522,5072,9594,6751,6998,13749,3589,2630,6219,1.70155474,1233219765.21,212005.229804,779.23498535,17.64422798,-37.276684235,-72.9600558162,https://upload.wikimedia.org/wikipedia/commons/8/81/Escudo_de_Santa_Juana.png
132,10,REGIÓN DE LOS LAGOS,102,CHILOÉ,10205,DALCAHUE,3382,3180,6562,3531,3669,7200,6913,6849,13762,2670,2989,5659,2.89389999,2250612476.65,362976.10774099996,1228.88867188,11.19873619,-42.3088608227,-73.8332952253,https://upload.wikimedia.org/wikipedia/commons/4/4e/Escudo_de_Dalcahue.png
133,8,REGIÓN DEL BIOBÍO,83,BIOBÍO,8311,SANTA BÁRBARA,2996,2791,5787,3703,4283,7986,6699,7074,13773,2957,2490,5447,2.35264306,1996068533.98,285755.85434699996,1251.72814941,11.00318813,-37.6232103904,-71.7482059274,https://upload.wikimedia.org/wikipedia/commons/4/4d/Escudo_de_Santa_B%C3%A1rbara_%28Chile%29.svg
134,5,REGIÓN DE VALPARAÍSO,56,SAN ANTONIO,5602,ALGARROBO,1473,1445,2918,5261,5638,10899,6734,7083,13817,16912,3044,19956,0.71377974,252180955.82599998,87074.78997360001,175.50592041,78.7266922,-33.3294482337,-71.5993956467,https://upload.wikimedia.org/wikipedia/commons/c/c7/Escudo_de_Algarrobo.svg
135,7,REGIÓN DEL MAULE,71,TALCA,7108,RÍO CLARO,5073,4420,9493,2173,2240,4413,7246,6660,13906,1594,3912,5506,1.43664278,650377519.09,175015.904452,433.72781372,32.06158447,-35.2606233799,-71.2688621061,https://upload.wikimedia.org/wikipedia/commons/4/41/Comuna_de_R%C3%ADo_Claro.svg
136,3,REGIÓN DE ATACAMA,32,CHAÑARAL,3202,DIEGO DE ALMAGRO,389,281,670,7097,6158,13255,7486,6439,13925,6216,698,6914,7.97840707,23699974503.6,938016.517041,18977.484375,0.73376429,-26.236152679,-69.1860389258,https://upload.wikimedia.org/wikipedia/commons/a/a3/Escudo_de_la_comuna_de_Diego_de_Almagro.svg
137,5,REGIÓN DE VALPARAÍSO,57,SAN FELIPE DE ACONCAGUA,5702,CATEMU,3141,3044,6185,3841,3972,7813,6982,7016,13998,2657,2514,5171,0.91792233,511378437.16,111602.03272,361.23233032,38.75068283,-32.7073168664,-70.9446388023,https://upload.wikimedia.org/wikipedia/commons/9/9b/Comuna_de_Catemu.svg
138,3,REGIÓN DE ATACAMA,31,COPIAPÓ,3103,TIERRA AMARILLA,2720,1364,4084,5076,4859,9935,7796,6223,14019,3256,1489,4745,6.29868374,14462008002.2,749082.4540779999,11251.1025391,1.24601126,-27.8635434,-69.670693015,https://upload.wikimedia.org/wikipedia/commons/f/fa/Escudo_de_Tierra_Amarilla.svg
139,10,REGIÓN DE LOS LAGOS,103,OSORNO,10305,RÍO NEGRO,3735,3366,7101,3316,3668,6984,7051,7034,14085,2638,3032,5670,3.09938932,2212325419.61,385872.460533,1267.15075684,11.11548901,-40.7711401598,-73.4176981519,https://upload.wikimedia.org/wikipedia/commons/b/be/Escudo_de_Armas%2C_comuna_de_R%C3%ADo_Negro%2C_Region_de_Los_Lagos%2C_Chile.png
140,8,REGIÓN DEL BIOBÍO,83,BIOBÍO,8312,TUCAPEL,1166,1081,2247,5710,6177,11887,6876,7258,14134,5211,1299,6510,1.72489992,1438157194.81,210256.560708,911.22955322,15.51091003,-37.2254433905,-71.7443488027,https://upload.wikimedia.org/wikipedia/commons/0/0a/Escudo_de_Tucapel.svg
141,10,REGIÓN DE LOS LAGOS,101,LLANQUIHUE,10108,MAULLÍN,3985,3605,7590,3246,3380,6626,7231,6985,14216,2741,3889,6630,3.3242913,1446410127.25,417772.746057,806.4833374,17.62714767,-41.634515625,-73.5026860801,https://upload.wikimedia.org/wikipedia/commons/0/0f/Escudo_Maullin.png
142,6,REGIÓN DEL LIBERTADOR GENERAL BERNARDO O'HIGGINS,61,CACHAPOAL,6112,PEUMO,1227,1086,2313,6010,5990,12000,7237,7076,14313,4102,829,4931,0.59050006,227862745.186,72526.4419474,155.18952942,92.22916412,-34.3290257069,-71.2218813362,https://upload.wikimedia.org/wikipedia/commons/5/56/Escudo_de_Peumo.svg
143,9,REGIÓN DE LA ARAUCANÍA,91,CAUTÍN,9107,GORBEA,2187,2067,4254,4758,5402,10160,6945,7469,14414,4013,2106,6119,1.7153042,1149790467.36,210702.818259,690.68371582,20.86917496,-39.1719511933,-72.669618655,https://upload.wikimedia.org/wikipedia/commons/a/a2/Comuna_de_Gorbea.svg
144,14,REGIÓN DE LOS RÍOS,142,RANCO,14202,FUTRONO,3323,3159,6482,3929,4254,8183,7252,7413,14665,3269,3231,6500,3.27336266,3602720947.65,403272.099628,2105.75390625,6.964252,-40.1185841775,-72.1160048195,https://upload.wikimedia.org/wikipedia/commons/d/d7/Escudo_de_Futrono.svg
145,5,REGIÓN DE VALPARAÍSO,53,LOS ANDES,5302,CALLE LARGA,2132,2009,4141,5196,5495,10691,7328,7504,14832,3925,1563,5488,0.97747703,458933999.83599997,119394.596202,322.09448242,46.04860306,-32.9507728238,-70.544659459,https://upload.wikimedia.org/wikipedia/commons/a/a6/Comuna_de_Calle_Larga.svg
146,10,REGIÓN DE LOS LAGOS,102,CHILOÉ,10203,CHONCHI,4618,4526,9144,2827,2887,5714,7445,7413,14858,2161,4545,6706,2.38690344,2528748510.01,303343.519583,1365.17370605,10.88359737,-42.6817830669,-73.9306025761,https://upload.wikimedia.org/wikipedia/commons/b/be/Escudo_Chonchi.png
147,6,REGIÓN DEL LIBERTADOR GENERAL BERNARDO O'HIGGINS,63,COLCHAGUA,6302,CHÉPICA,3325,3066,6391,4252,4394,8646,7577,7460,15037,3258,2482,5740,1.46535509,710036666.641,177737.646243,477.99606323,31.45841789,-34.7919579496,-71.3597393619,https://upload.wikimedia.org/wikipedia/commons/2/26/Comuna_de_Ch%C3%A9pica.svg
148,9,REGIÓN DE LA ARAUCANÍA,91,CAUTÍN,9117,TEODORO SCHMIDT,4951,4691,9642,2575,2828,5403,7526,7519,15045,2245,4197,6442,1.65517472,1083850951.97,210875.559456,653.54962158,23.02043915,-39.0054863987,-73.1274865658,https://upload.wikimedia.org/wikipedia/commons/9/99/Comuna_de_Teodoro_Schmidt.svg
149,7,REGIÓN DEL MAULE,73,CURICÓ,7306,ROMERAL,4474,4184,8658,3150,3379,6529,7624,7563,15187,2234,3475,5709,2.59842176,2399735651.31,313962.22186,1603.04650879,9.47383595,-35.0681631557,-70.712024862,https://upload.wikimedia.org/wikipedia/commons/6/6a/Escudo_de_Romeral.png
150,5,REGIÓN DE VALPARAÍSO,57,SAN FELIPE DE ACONCAGUA,5706,SANTA MARÍA,2819,2634,5453,4767,5021,9788,7586,7655,15241,3480,2107,5587,0.73653544,234560072.449,90401.8351816,165.71981812,91.96848297,-32.6860179782,-70.6097026593,https://upload.wikimedia.org/wikipedia/commons/0/03/Comuna_de_Santa_Mar%C3%ADa.svg
151,1,REGIÓN DE TARAPACÁ,14,TAMARUGAL,1401,POZO ALMONTE,3648,1968,5616,5339,4756,10095,8987,6724,15711,3367,5559,8926,6.68733125,15843650927.7,770446.2941310001,13769.121093799999,1.14103138,-20.7676484493,-69.5042362991,https://upload.wikimedia.org/wikipedia/commons/2/29/Escudo_de_Pozo_Almonte.svg
152,5,REGIÓN DE VALPARAÍSO,56,SAN ANTONIO,5604,EL QUISCO,569,519,1088,7257,7610,14867,7826,8129,15955,17328,984,18312,0.4164069,72809579.9844,50235.9747481,50.65378571,314.98138428,-33.4150669686,-71.651188756,https://upload.wikimedia.org/wikipedia/commons/a/a7/Munielquisco.jpg
153,16,REGIÓN DE ÑUBLE,162,ITATA,16203,COELEMU,2377,2183,4560,5496,5939,11435,7873,8122,15995,3976,2164,6140,1.00808733,532782358.61300004,123516.389004,343.61364746,46.54937363,-36.5049812005,-72.7504237915,https://upload.wikimedia.org/wikipedia/commons/5/55/Escudo_de_Coelemu.svg
154,16,REGIÓN DE ÑUBLE,161,DIGUILLÍN,16108,SAN IGNACIO,4681,4596,9277,3201,3601,6802,7882,8197,16079,2673,3978,6651,1.25917756,565992102.051,151410.985128,362.28158569,44.38260651,-36.8224478954,-72.0294015314,https://upload.wikimedia.org/wikipedia/commons/7/7c/Escudo_de_San_Ignacio.svg
155,7,REGIÓN DEL MAULE,74,LINARES,7407,VILLA ALEGRE,3324,3221,6545,4556,5120,9676,7880,8341,16221,4064,2769,6833,0.72300499,288426096.803,88351.79801839999,189.88801575,85.42402649,-35.6855606614,-71.6829346305,https://upload.wikimedia.org/wikipedia/commons/2/2a/Escudo_de_Villa_Alegre.svg
156,6,REGIÓN DEL LIBERTADOR GENERAL BERNARDO O'HIGGINS,62,CARDENAL CARO,6201,PICHILEMU,1883,1608,3491,6406,6497,12903,8289,8105,16394,9303,2753,12056,1.77207621,1052382635.76,218509.91806199998,715.66607666,22.90733147,-34.3838926004,-71.9106902935,https://upload.wikimedia.org/wikipedia/commons/9/90/Coat_of_arms_of_Pichilemu.svg
157,14,REGIÓN DE LOS RÍOS,141,VALDIVIA,14103,LANCO,2603,2542,5145,5621,5986,11607,8224,8528,16752,4331,2119,6450,1.58492801,894625572.68,194794.156177,531.89306641,31.49505043,-39.5121811782,-72.6215188458,https://upload.wikimedia.org/wikipedia/commons/d/db/Comuna_de_Lanco.svg
158,5,REGIÓN DE VALPARAÍSO,57,SAN FELIPE DE ACONCAGUA,5705,PUTAENDO,5074,4946,10020,3284,3450,6734,8358,8396,16754,2464,3873,6337,2.20276594,2045289013.1,265557.479928,1450.3269043,11.55187798,-32.4811133119,-70.5212302349,https://upload.wikimedia.org/wikipedia/commons/4/4a/Escudo_de_Putaendo.svg
159,10,REGIÓN DE LOS LAGOS,101,LLANQUIHUE,10106,LOS MUERMOS,4841,4121,8962,3840,4266,8106,8681,8387,17068,3028,4236,7264,2.57277436,2172787106.17,325806.050216,1220.96984863,13.97905159,-41.3970848585,-73.5818323869,https://upload.wikimedia.org/wikipedia/commons/1/1c/Escudo_Los_Muermos.png
160,9,REGIÓN DE LA ARAUCANÍA,92,MALLECO,9203,CURACAUTÍN,2427,2148,4575,5949,6889,12838,8376,9037,17413,5463,2719,8182,2.17792784,2706477491.29,269373.614624,1659.99572754,10.48978615,-38.4271556717,-71.7720702181,https://upload.wikimedia.org/wikipedia/commons/c/c0/Escudo_de_Curacaut%C3%ADn.svg
161,16,REGIÓN DE ÑUBLE,161,DIGUILLÍN,16107,QUILLÓN,3663,3399,7062,5001,5422,10423,8664,8821,17485,5483,5256,10739,1.28847876,635126893.219,158991.558438,406.53512573,43.00981522,-36.8184580623,-72.5018054716,https://upload.wikimedia.org/wikipedia/commons/5/58/Escudo_de_Quill%C3%B3n.svg
162,5,REGIÓN DE VALPARAÍSO,58,MARGA MARGA,5803,OLMUÉ,2663,2576,5239,5934,6343,12277,8597,8919,17516,5859,3231,9090,0.69297006,329842005.25200003,83271.9292282,231.24816895,75.74546051,-33.0356586297,-71.1104338102,https://upload.wikimedia.org/wikipedia/commons/4/45/Escudo_de_Olmu%C3%A9.svg
163,9,REGIÓN DE LA ARAUCANÍA,91,CAUTÍN,9103,CUNCO,4547,4132,8679,4218,4629,8847,8765,8761,17526,3460,4576,8036,2.88726065,3131477595.0,355657.699789,1891.43859863,9.26596355,-38.9772539633,-71.9922993971,https://upload.wikimedia.org/wikipedia/commons/c/c2/Comuna_de_Cunco.svg
164,10,REGIÓN DE LOS LAGOS,101,LLANQUIHUE,10107,LLANQUIHUE,1726,1643,3369,6901,7321,14222,8627,8964,17591,4726,1409,6135,1.31540819,766379273.523,162528.485808,433.0869751,40.617706299999995,-41.237836696,-73.1396596418,https://upload.wikimedia.org/wikipedia/commons/0/0f/Escudo_de_la_comuna_de_Llanquihue.jpg
165,3,REGIÓN DE ATACAMA,31,COPIAPÓ,3102,CALDERA,1100,787,1887,7994,7781,15775,9094,8568,17662,7341,8310,15651,4.68012017,4667094790.29,555113.070805,3680.55249023,4.798736099999999,-27.1411226941,-70.6821335891,https://upload.wikimedia.org/wikipedia/commons/f/ff/Caldera_logo.JPG
166,16,REGIÓN DE ÑUBLE,161,DIGUILLÍN,16109,YUNGAY,2432,2052,4484,6532,6771,13303,8964,8823,17787,5661,2623,8284,2.09988255,1297010794.7,253489.313536,824.80090332,21.56520462,-37.1046699113,-71.9305829323,https://upload.wikimedia.org/wikipedia/commons/f/f5/Escudo_de_Yungay.svg
167,6,REGIÓN DEL LIBERTADOR GENERAL BERNARDO O'HIGGINS,63,COLCHAGUA,6305,NANCAGUA,3305,3188,6493,5525,5815,11340,8830,9003,17833,4082,2464,6546,0.74330447,224367071.762,90301.8199746,151.56584167,117.65843201,-34.6674617354,-71.1919713174,https://upload.wikimedia.org/wikipedia/commons/3/3d/Escudo_de_Nancagua.jpg
168,5,REGIÓN DE VALPARAÍSO,55,QUILLOTA,5503,HIJUELAS,3237,3016,6253,5800,5935,11735,9037,8951,17988,4028,2568,6596,0.87786972,382230816.39599997,107612.96153,268.95727539,66.88051605,-32.8693023067,-71.0811107747,https://upload.wikimedia.org/wikipedia/commons/6/60/Comuna_de_Hijuelas.svg
169,7,REGIÓN DEL MAULE,74,LINARES,7408,YERBAS BUENAS,6087,5807,11894,3038,3149,6187,9125,8956,18081,2297,4516,6813,0.86076067,394528556.03699994,105830.963287,259.60522461,69.64805603,-35.6892237484,-71.5441161205,https://upload.wikimedia.org/wikipedia/commons/3/32/Escudo_de_Yerbas_Buenas.svg
170,13,REGIÓN METROPOLITANA DE SANTIAGO,132,CORDILLERA,13203,SAN JOSÉ DE MAIPO,4233,2748,6981,5628,5580,11208,9861,8328,18189,4033,2893,6926,4.67419652,7222227505.11,576352.56053,4982.68408203,3.65044212,-33.7036172594,-70.0965071709,https://upload.wikimedia.org/wikipedia/commons/b/ba/Escudo_de_San_Jos%C3%A9_de_Maipo.svg
171,10,REGIÓN DE LOS LAGOS,101,LLANQUIHUE,10105,FRUTILLAR,2825,2651,5476,6268,6684,12952,9093,9335,18428,5259,2650,7909,1.66896962,1459163294.82,205352.902381,828.11767578,22.25287628,-41.087394356,-73.0959170387,https://upload.wikimedia.org/wikipedia/commons/3/33/Frutillar_Bajo_Vista_desde_Muelle.JPG
172,7,REGIÓN DEL MAULE,73,CURICÓ,7307,SAGRADA FAMILIA,5433,5225,10658,3951,3935,7886,9384,9160,18544,2904,3938,6842,1.31864687,820070280.65,159034.501079,547.92944336,33.84377670000001,-35.1036000083,-71.495698972,https://upload.wikimedia.org/wikipedia/commons/5/59/Escudo_de_Sagrada_Familia.svg
173,5,REGIÓN DE VALPARAÍSO,51,VALPARAÍSO,5105,PUCHUNCAVÍ,1397,1290,2687,7961,7898,15859,9358,9188,18546,15531,1920,17451,1.02356086,425977614.91199994,123980.405925,300.57559204,61.70161438,-32.7453043053,-71.3879230101,https://upload.wikimedia.org/wikipedia/commons/e/ea/Escudo_Puchuncavi.png
174,9,REGIÓN DE LA ARAUCANÍA,92,MALLECO,9210,TRAIGUÉN,2400,2093,4493,6619,7731,14350,9019,9824,18843,5646,1610,7256,1.91455826,1457396873.76,239201.172527,897.68652344,20.99062347,-38.2469164278,-72.6549810073,https://upload.wikimedia.org/wikipedia/commons/0/09/Escudo_Traigu%C3%A9n.png
175,5,REGIÓN DE VALPARAÍSO,53,LOS ANDES,5304,SAN ESTEBAN,3847,3636,7483,5456,5916,11372,9303,9552,18855,4051,3272,7323,1.81414075,1946417524.83,220295.8778,1374.35717773,13.71914101,-32.6863307937,-70.3477585261,https://upload.wikimedia.org/wikipedia/commons/4/47/Comuna_de_San_Esteban.svg
176,13,REGIÓN METROPOLITANA DE SANTIAGO,133,CHACABUCO,13303,TILTIL,3499,2743,6242,6548,6522,13070,10047,9265,19312,4341,2593,6934,1.31310158,934028891.803,159192.437002,654.22753906,29.51878166,-33.0627155535,-70.8761884235,https://upload.wikimedia.org/wikipedia/commons/3/36/Escudo_de_Tiltil.svg
177,5,REGIÓN DE VALPARAÍSO,54,PETORCA,5402,CABILDO,3693,3522,7215,5774,6399,12173,9467,9921,19388,4311,2753,7064,2.50247246,2049622739.35,298882.75721,1456.17114258,13.314369199999998,-32.4173580824,-70.8235358129,https://upload.wikimedia.org/wikipedia/commons/8/86/Comuna_de_Cabildo.svg
178,6,REGIÓN DEL LIBERTADOR GENERAL BERNARDO O'HIGGINS,61,CACHAPOAL,6104,COLTAUCO,4299,4087,8386,5507,5704,11211,9806,9791,19597,4074,3493,7567,0.8689456,326618189.225,106546.998858,222.50146484,88.07582092,-34.2596516789,-71.0775608206,https://upload.wikimedia.org/wikipedia/commons/8/8f/Edificio_Municipalidad_de_Coltauco.jpg
179,14,REGIÓN DE LOS RÍOS,141,VALDIVIA,14104,LOS LAGOS,5043,4793,9836,4714,5084,9798,9757,9877,19634,3501,4412,7913,3.22616668,3042373338.73,401592.24593000003,1790.02990723,10.96853161,-39.878511278,-72.5546755679,https://upload.wikimedia.org/wikipedia/commons/d/df/Escudo_de_Los_Lagos.svg
180,6,REGIÓN DEL LIBERTADOR GENERAL BERNARDO O'HIGGINS,61,CACHAPOAL,6113,PICHIDEGUA,5343,5068,10411,4737,4566,9303,10080,9634,19714,3331,3956,7287,1.00765033,468907659.305,123228.447964,318.85824585,61.82685089,-34.3711755627,-71.339092237,https://upload.wikimedia.org/wikipedia/commons/4/4b/Escudo_Pichidegua.png
181,7,REGIÓN DEL MAULE,74,LINARES,7405,RETIRO,6625,6286,12911,3429,3634,7063,10054,9920,19974,2819,5441,8260,1.96444004,1262941186.14,242686.42294000002,825.61547852,24.19285965,-36.0022006457,-71.8299458071,https://upload.wikimedia.org/wikipedia/commons/7/71/Escudo_Retiro_Chile.png
182,14,REGIÓN DE LOS RÍOS,141,VALDIVIA,14107,PAILLACO,3950,3786,7736,6117,6335,12452,10067,10121,20188,4440,3186,7626,2.10695119,1541039596.98,261851.03788800002,901.45721436,22.39484978,-40.0743528969,-72.8434415696,https://upload.wikimedia.org/wikipedia/commons/d/d5/EscudoPaillaco.gif
183,10,REGIÓN DE LOS LAGOS,103,OSORNO,10303,PURRANQUE,3138,2828,5966,6838,7565,14403,9976,10393,20369,5128,2745,7873,3.49868096,2544969192.34,436778.635616,1450.35681152,14.04413128,-40.9357379405,-73.4579156099,https://upload.wikimedia.org/wikipedia/commons/5/5d/Escudo_de_Armas_Purranque.png
184,7,REGIÓN DEL MAULE,74,LINARES,7402,COLBÚN,5949,5764,11713,4256,4796,9052,10205,10560,20765,3721,5300,9021,4.3111858,4488931910.96,528791.8556680001,2926.17333984,7.09629869,-36.0761045764,-70.9801742421,https://upload.wikimedia.org/wikipedia/commons/b/b5/Armas_Colb%C3%BAn.png
185,6,REGIÓN DEL LIBERTADOR GENERAL BERNARDO O'HIGGINS,61,CACHAPOAL,6105,DOÑIHUE,2324,2139,4463,8070,8354,16424,10394,10493,20887,5934,1804,7738,0.43939277,117361953.537,52774.7957241,80.1426239,260.62286377,-34.1967775011,-70.9236348255,https://upload.wikimedia.org/wikipedia/commons/2/21/Dfgsdgsdfgdsfh.jpg
186,8,REGIÓN DEL BIOBÍO,82,ARAUCO,8206,LOS ÁLAMOS,1157,1152,2309,9046,9680,18726,10203,10832,21035,6814,907,7721,1.88322865,961624770.773,235085.589348,601.34741211,34.97977829,-37.6735822108,-73.3569413528,https://upload.wikimedia.org/wikipedia/commons/7/75/Escudo_de_Los_%C3%81lamos.svg
187,8,REGIÓN DEL BIOBÍO,83,BIOBÍO,8313,YUMBEL,4372,4115,8487,6093,6618,12711,10465,10733,21198,4902,5346,10248,1.75594919,1146883277.68,215543.065572,728.60876465,29.09380341,-37.0883437947,-72.616051762,https://upload.wikimedia.org/wikipedia/commons/e/ed/Escudo_de_Yumbel.svg
188,14,REGIÓN DE LOS RÍOS,141,VALDIVIA,14106,MARIQUINA,5826,5493,11319,4781,5178,9959,10607,10671,21278,3438,4979,8417,3.7534259,2180760009.83,470782.728059,1296.24841309,16.41506386,-39.5126916723,-73.0192282365,https://upload.wikimedia.org/wikipedia/commons/a/a8/Escudo_de_Mariquina.svg
189,4,REGIÓN DE COQUIMBO,42,CHOAPA,4203,LOS VILOS,2354,1934,4288,8707,8387,17094,11061,10321,21382,10561,2727,13288,2.82222668,2590511814.3,339525.33769,1858.90454102,11.50247383,-31.977943913,-71.3042545677,https://upload.wikimedia.org/wikipedia/commons/3/3d/Comuna_de_Los_Vilos.svg
190,12,REGIÓN DE MAGALLANES Y DE LA ANTÁRTICA CHILENA,124,ÚLTIMA ESPERANZA,12401,NATALES,1477,820,2297,9515,9665,19180,10992,10485,21477,8045,1324,9369,377.55322975,121366355538.0,50997972.1935,48695.296875,0.44104874,-50.647579808,-73.9834575532,https://upload.wikimedia.org/wikipedia/commons/e/e5/Escudo_de_Natales.svg
191,16,REGIÓN DE ÑUBLE,161,DIGUILLÍN,16102,BULNES,4039,3963,8002,6343,7148,13491,10382,11111,21493,5110,3641,8751,1.11973236,666358727.2459999,138020.68586,426.73883057,50.36570358,-36.7904030424,-72.2900215842,https://upload.wikimedia.org/wikipedia/commons/6/65/%C3%91uble_location_map.svg
192,5,REGIÓN DE VALPARAÍSO,55,QUILLOTA,5504,LA CRUZ,1330,1316,2646,9326,10126,19452,10656,11442,22098,7084,980,8064,0.48128852,111108703.596,57173.0938669,78.13705444,282.8107605,-32.8253212446,-71.2404787004,https://upload.wikimedia.org/wikipedia/commons/b/b8/Comuna_de_La_Cruz.svg
193,5,REGIÓN DE VALPARAÍSO,55,QUILLOTA,5506,NOGALES,1737,1604,3341,9062,9717,18779,10799,11321,22120,6317,1373,7690,1.02301213,573579477.873,122642.42424100002,405.20376587,54.58982086,-32.6914347168,-71.1761018798,https://upload.wikimedia.org/wikipedia/commons/0/09/Comuna_de_Nogales.svg
194,8,REGIÓN DEL BIOBÍO,83,BIOBÍO,8304,LAJA,3099,3068,6167,7645,8577,16222,10744,11645,22389,6013,2734,8747,0.79868488,543470069.441,97419.42519919999,343.54266357,65.17094421,-37.3126097035,-72.5825330104,https://upload.wikimedia.org/wikipedia/commons/d/d6/Escudo_de_Laja.svg
195,5,REGIÓN DE VALPARAÍSO,56,SAN ANTONIO,5603,CARTAGENA,993,899,1892,10272,10574,20846,11265,11473,22738,14954,824,15778,0.91420596,352543421.881,109229.131752,244.55841064,92.97574615,-33.5338143016,-71.4422082117,https://upload.wikimedia.org/wikipedia/commons/b/bb/Escudo.JPG
196,9,REGIÓN DE LA ARAUCANÍA,91,CAUTÍN,9109,LONCOCHE,3634,3386,7020,7868,8724,16592,11502,12110,23612,6621,3448,10069,2.30173052,1628795363.77,282667.96870900004,972.51611328,24.27928925,-39.3562858699,-72.5829141628,https://upload.wikimedia.org/wikipedia/commons/5/56/Comuna_de_Loncoche.svg
197,11,REGIÓN DE AYSÉN DEL GENERAL CARLOS IBÁÑEZ DEL CAMPO,112,AYSÉN,11201,AYSÉN,2442,1209,3651,10277,10031,20308,12719,11240,23959,7913,1704,9617,101.34557765,61944075457.9,13196260.0896,29906.068359400004,0.80114174,-45.9833068142,-73.765003751,https://upload.wikimedia.org/wikipedia/commons/f/fe/Comuna_de_Ais%C3%A9n.svg
198,8,REGIÓN DEL BIOBÍO,81,CONCEPCIÓN,8105,HUALQUI,1813,1631,3444,10030,10859,20889,11843,12490,24333,7011,2020,9031,1.34874603,839128259.891,168142.43528499999,533.9006958000001,45.5758934,-37.0447673918,-72.8710349587,https://upload.wikimedia.org/wikipedia/commons/d/d0/Escudo_de_Hualqui.svg
199,9,REGIÓN DE LA ARAUCANÍA,91,CAUTÍN,9102,CARAHUE,5910,5370,11280,6292,6961,13253,12202,12331,24533,4952,4646,9598,2.81056317,2189737575.1,358130.181837,1334.7734375,18.37989807,-38.6112039099,-73.2695568969,https://upload.wikimedia.org/wikipedia/commons/c/cf/Municipio_de_Carahue.jpg
200,9,REGIÓN DE LA ARAUCANÍA,92,MALLECO,9202,COLLIPULLI,3314,2945,6259,8750,9589,18339,12064,12534,24598,6752,2589,9341,2.77187613,2109220835.68,338567.124463,1307.90270996,18.80720901,-38.026440001,-72.1247823882,https://upload.wikimedia.org/wikipedia/commons/3/3e/Escudo_de_Collipulli.svg
201,9,REGIÓN DE LA ARAUCANÍA,91,CAUTÍN,9105,FREIRE,8615,8105,16720,3798,4088,7886,12413,12193,24606,2706,6587,9293,2.00590173,1449369645.89,248960.52337399998,875.38824463,28.10867119,-38.949527018,-72.5763040704,https://upload.wikimedia.org/wikipedia/commons/1/12/Comuna_de_Freire.svg
202,5,REGIÓN DE VALPARAÍSO,57,SAN FELIPE DE ACONCAGUA,5703,LLAILLAY,3447,3189,6636,8769,9203,17972,12216,12392,24608,6375,2552,8927,0.97022475,496434423.96099997,116252.446368,349.10681152,70.48845673,-32.8880576134,-70.9017326371,https://upload.wikimedia.org/wikipedia/commons/c/ca/Escudo_de_Llay_Llay.svg
203,6,REGIÓN DEL LIBERTADOR GENERAL BERNARDO O'HIGGINS,61,CACHAPOAL,6107,LAS CABRAS,7896,7166,15062,4760,4818,9578,12656,11984,24640,3597,8297,11894,1.53599593,1098777079.34,186833.928004,750.50964355,32.83102417,-34.1646843753,-71.3327813423,https://upload.wikimedia.org/wikipedia/commons/3/3e/Comuna_de_Las_Cabras.svg
204,9,REGIÓN DE LA ARAUCANÍA,91,CAUTÍN,9114,PITRUFQUÉN,4282,4024,8306,7783,8748,16531,12065,12772,24837,6169,3999,10168,2.15361043,959745386.262,263912.637265,577.35046387,43.01893234,-39.08406273,-72.6638092543,https://upload.wikimedia.org/wikipedia/commons/a/a7/Escudo_de_Pitrufqu%C3%A9n.svg
205,2,REGIÓN DE ANTOFAGASTA,23,TOCOPILLA,2301,TOCOPILLA,355,200,555,12126,12505,24631,12481,12705,25186,9145,1525,10670,3.71146301,4714545312.5,432838.42917799996,4030.68457031,6.24856615,-21.9975710847,-70.0212244558,https://upload.wikimedia.org/wikipedia/commons/b/be/Escudo_de_Tocopilla.svg
206,6,REGIÓN DEL LIBERTADOR GENERAL BERNARDO O'HIGGINS,61,CACHAPOAL,6110,MOSTAZAL,2245,2144,4389,10418,10536,20954,12663,12680,25343,7224,1876,9100,1.25971933,764970785.6,150242.181404,524.69616699,48.30033493,-33.9557360745,-70.5688119247,https://upload.wikimedia.org/wikipedia/commons/7/79/Comuna_de_Mostazal.svg
207,13,REGIÓN METROPOLITANA DE SANTIAGO,134,MAIPO,13403,CALERA DE TANGO,6963,6884,13847,5755,5790,11545,12718,12674,25392,3525,4076,7601,0.44059838,105831328.031,53700.848402999996,73.14889526,347.12762451,-33.6232505323,-70.7902285336,https://upload.wikimedia.org/wikipedia/commons/e/e3/Escudo_de_Calera_de_Tango.svg
208,8,REGIÓN DEL BIOBÍO,82,ARAUCO,8201,LEBU,1067,978,2045,11374,12103,23477,12441,13081,25522,8241,1047,9288,2.11344116,896544006.5739999,267490.102066,560.30725098,45.55001068,-37.6767770827,-73.5898697354,https://upload.wikimedia.org/wikipedia/commons/b/bb/Escudo_de_Lebu.svg
209,8,REGIÓN DEL BIOBÍO,83,BIOBÍO,8306,NACIMIENTO,1840,1444,3284,11122,11909,23031,12962,13353,26315,8193,1937,10130,1.94707854,1441694451.2,242252.26809499998,906.35174561,29.03398132,-37.4854861399,-72.823547161,https://upload.wikimedia.org/wikipedia/commons/f/ff/Escudo_de_Nacimiento_%28Chile%29.svg
210,13,REGIÓN METROPOLITANA DE SANTIAGO,132,CORDILLERA,13202,PIRQUE,7536,7315,14851,5893,5777,11670,13429,13092,26521,3530,4778,8308,1.01236547,645581140.398,124097.246609,445.25314331,59.56386948,-33.7184830956,-70.5068294787,https://upload.wikimedia.org/wikipedia/commons/d/d3/Escudo_de_Pirque.svg
211,5,REGIÓN DE VALPARAÍSO,51,VALPARAÍSO,5102,CASABLANCA,4639,4226,8865,8707,9295,18002,13346,13521,26867,6256,5350,11606,2.02327747,1370067308.11,243996.512222,954.60717773,28.14455986,-33.3156665372,-71.4349790946,https://upload.wikimedia.org/wikipedia/commons/f/fa/Escudo_de_Casablanca.svg
212,16,REGIÓN DE ÑUBLE,163,PUNILLA,16302,COIHUECO,9105,8678,17783,4319,4779,9098,13424,13457,26881,3166,6888,10054,2.74629399,2760211454.51,332897.78484000004,1773.47302246,15.15726471,-36.7019154417,-71.5817371361,https://upload.wikimedia.org/wikipedia/commons/1/16/ESCUDO_COIHUECO.jpg
213,10,REGIÓN DE LOS LAGOS,102,CHILOÉ,10208,QUELLÓN,4960,4418,9378,8897,8917,17814,13857,13335,27192,6759,4244,11003,9.11097611,6291297325.4,1166512.8904,3344.59838867,8.13012409,-43.1510471013,-73.9939296615,https://upload.wikimedia.org/wikipedia/commons/a/a4/Escudo_de_Quell%C3%B3n.png
214,4,REGIÓN DE COQUIMBO,41,ELQUI,4106,VICUÑA,5608,5170,10778,8184,8809,16993,13792,13979,27771,6202,4577,10779,5.72114099,10121549267.1,684220.659641,7579.3671875,3.66402602,-29.8918931309,-70.3814578309,https://upload.wikimedia.org/wikipedia/commons/a/ab/Escudo_Vicu%C3%B1a_Chile.png
215,6,REGIÓN DEL LIBERTADOR GENERAL BERNARDO O'HIGGINS,61,CACHAPOAL,6116,REQUÍNOA,6027,5658,11685,8098,8185,16283,14125,13843,27968,5222,4014,9236,1.38624757,991141596.0960001,166382.73411,673.90948486,41.50112534,-34.3348783694,-70.6591961618,https://upload.wikimedia.org/wikipedia/commons/3/30/Escudo_Requinoa.png
216,9,REGIÓN DE LA ARAUCANÍA,91,CAUTÍN,9119,VILCÚN,6472,6257,12729,7401,8021,15422,13873,14278,28151,6060,5052,11112,2.71574428,2326964864.42,328634.964466,1416.16186523,19.87837791,-38.7047212019,-72.116504654,https://upload.wikimedia.org/wikipedia/commons/d/d3/Comuna_de_Vilc%C3%BAn.svg
217,9,REGIÓN DE LA ARAUCANÍA,91,CAUTÍN,9115,PUCÓN,5222,4947,10169,8884,9470,18354,14106,14417,28523,10527,6829,17356,2.1667928,2084745938.22,269672.722334,1249.06665039,22.83544922,-39.2701583983,-71.7912464818,https://upload.wikimedia.org/wikipedia/commons/6/62/Escudo_de_Puc%C3%B3n.svg
218,8,REGIÓN DEL BIOBÍO,83,BIOBÍO,8303,CABRERO,3694,3315,7009,10480,11084,21564,14174,14399,28573,7826,3222,11048,1.4317665000000002,1034227658.12,177259.949286,657.36456299,43.46598816,-37.061937188,-72.3813599006,https://upload.wikimedia.org/wikipedia/commons/5/5e/Escudo_de_Cabrero.svg
219,7,REGIÓN DEL MAULE,73,CURICÓ,7308,TENO,10113,9276,19389,4651,4881,9532,14764,14157,28921,3440,7367,10807,1.70458143,922297327.6110001,204317.218716,619.37634277,46.69374466,-34.8881484883,-71.0218393344,https://upload.wikimedia.org/wikipedia/commons/f/f9/Escudo_Teno.png
220,4,REGIÓN DE COQUIMBO,42,CHOAPA,4204,SALAMANCA,7114,5430,12544,8598,8205,16803,15712,13635,29347,6044,4653,10697,3.63953715,4794187013.01,437599.433833,3445.53930664,8.517389300000001,-31.8935829379,-70.6619085753,https://upload.wikimedia.org/wikipedia/commons/f/f0/Escudo_de_Salamanca_%28Chile%29.svg
221,8,REGIÓN DEL BIOBÍO,83,BIOBÍO,8305,MULCHÉN,2954,2524,5478,11643,12506,24149,14597,15030,29627,8270,2419,10689,3.07358014,3082443220.8,379762.586559,1920.79382324,15.42435169,-37.8382979084,-72.0977882402,https://upload.wikimedia.org/wikipedia/commons/7/72/Escudo_de_Mulch%C3%A9n.png
222,7,REGIÓN DEL MAULE,74,LINARES,7403,LONGAVÍ,11007,10280,21287,4475,4772,9247,15482,15052,30534,3345,8543,11888,2.63409674,2232577638.68,325230.499353,1454.8326416,20.9879818,-36.1104406227,-71.4419609374,https://upload.wikimedia.org/wikipedia/commons/2/23/Escudo_de_Longav%C3%AD.png
223,4,REGIÓN DE COQUIMBO,43,LIMARÍ,4303,MONTE PATRIA,7791,7622,15413,7479,7859,15338,15270,15481,30751,5519,7555,13074,3.68039953,5731217022.61,442605.583591,4210.92382813,7.30267286,-30.8341952042,-70.650608689,https://upload.wikimedia.org/wikipedia/commons/a/a9/Escudo_de_Monte_Patria.svg
224,4,REGIÓN DE COQUIMBO,42,CHOAPA,4201,ILLAPEL,4978,4818,9796,9761,11291,21052,14739,16109,30848,7891,4429,12320,3.47658518,3629461984.7,418774.86152,2628.03930664,11.73802853,-31.5495159293,-70.9705682605,https://upload.wikimedia.org/wikipedia/commons/7/7e/Escudo_Illapel.png
225,16,REGIÓN DE ÑUBLE,161,DIGUILLÍN,16103,CHILLÁN VIEJO,1791,1707,3498,12790,14619,27409,14581,16326,30907,9717,1559,11276,0.92274493,410572534.453,112307.45866099998,263.63903809,117.23225403,-36.6803542471,-72.1988051799,https://upload.wikimedia.org/wikipedia/commons/3/31/Escudo_de_Chill%C3%A1n_Viejo.svg
226,14,REGIÓN DE LOS RÍOS,142,RANCO,14204,RÍO BUENO,7448,6781,14229,8044,9099,17143,15492,15880,31372,6729,6583,13312,3.5328447999999995,3764992814.85,432091.90608100005,2175.37011719,14.42145443,-40.496190764,-72.535439593,https://upload.wikimedia.org/wikipedia/commons/e/e0/Escudo_de_R%C3%ADo_Bueno.svg
227,5,REGIÓN DE VALPARAÍSO,51,VALPARAÍSO,5107,QUINTERO,2579,2460,5039,13255,13629,26884,15834,16089,31923,14952,2490,17442,0.75490649,207524809.36099997,91870.513331,146.16297913,218.40687561,-32.8431808329,-71.4732304592,https://upload.wikimedia.org/wikipedia/commons/d/d4/Bah%C3%ADa_de_Quintero_Van_Spielbergen.jpg
228,8,REGIÓN DEL BIOBÍO,82,ARAUCO,8205,CURANILAHUE,1161,953,2114,14667,15507,30174,15828,16460,32288,10300,1001,11301,2.04641841,1593853083.26,251827.108785,1001.70922852,32.23290634,-37.4828989129,-73.2356455822,https://upload.wikimedia.org/wikipedia/commons/0/08/Escudo_Curanilahue.png
229,9,REGIÓN DE LA ARAUCANÍA,91,CAUTÍN,9111,NUEVA IMPERIAL,6982,6647,13629,8888,9993,18881,15870,16640,32510,6471,5659,12130,1.75699219,1200724581.41,222732.023689,729.03094482,44.59344101,-38.7515999667,-72.9720610851,https://upload.wikimedia.org/wikipedia/commons/a/ad/Escudo_de_La_Imperial.svg
230,13,REGIÓN METROPOLITANA DE SANTIAGO,135,MELIPILLA,13503,CURACAVÍ,6288,5931,12219,9934,10426,20360,16222,16357,32579,6701,5105,11806,1.50720965,997658179.08,183504.970625,694.06561279,46.93936539,-33.3664865657,-71.0801315878,https://upload.wikimedia.org/wikipedia/commons/4/48/MUNICIPALIDAD_DE_CURACAVI.png
231,6,REGIÓN DEL LIBERTADOR GENERAL BERNARDO O'HIGGINS,61,CACHAPOAL,6106,GRANEROS,1931,1685,3616,14703,15118,29821,16634,16803,33437,10169,1222,11391,0.53941403,164020453.617,66122.21937949999,112.25189209,297.87469482,-34.0656328638,-70.7470714577,https://upload.wikimedia.org/wikipedia/commons/d/d6/Comuna_de_Graneros.svg
232,10,REGIÓN DE LOS LAGOS,101,LLANQUIHUE,10102,CALBUCO,9268,8721,17989,7836,8160,15996,17104,16881,33985,6015,7555,13570,4.80667153,1055391910.89,603170.0860270001,587.70477295,57.82665253,-41.722765597,-73.1948686881,https://upload.wikimedia.org/wikipedia/commons/b/b8/Escudo_de_Calbuco.svg
233,9,REGIÓN DE LA ARAUCANÍA,92,MALLECO,9211,VICTORIA,4806,4520,9326,11602,13254,24856,16408,17774,34182,8959,3869,12828,2.00142503,2047228793.52,246142.999991,1260.46911621,27.11847496,-38.2806140753,-72.2335936461,https://upload.wikimedia.org/wikipedia/commons/0/04/Escudo_de_Victoria_%28Chile%29.svg
234,8,REGIÓN DEL BIOBÍO,82,ARAUCO,8203,CAÑETE,7554,7489,15043,9087,10407,19494,16641,17896,34537,7125,5730,12855,2.28762767,1747980313.84,286923.811237,1087.08129883,31.77039146,-37.873666887,-73.3173011876,https://upload.wikimedia.org/wikipedia/commons/7/79/Escudo_de_Ca%C3%B1ete_%28Chile%29.svg
235,14,REGIÓN DE LOS RÍOS,141,VALDIVIA,14108,PANGUIPULLI,9939,9327,19266,7260,8013,15273,17199,17340,34539,6814,9996,16810,3.7213785,5579645886.04,461350.40904899995,3300.37792969,10.46516514,-39.7146031523,-72.0297441379,https://upload.wikimedia.org/wikipedia/commons/f/f1/Escudo_de_Panguipulli.svg
236,5,REGIÓN DE VALPARAÍSO,54,PETORCA,5401,LA LIGUA,4845,4536,9381,12495,13514,26009,17340,18050,35390,10036,7273,17309,2.09582115,1636332009.5,253834.59747199996,1164.51733398,30.39027214,-32.3535901599,-71.2717016023,https://upload.wikimedia.org/wikipedia/commons/b/b9/Escudo_de_La_Ligua.svg
237,6,REGIÓN DEL LIBERTADOR GENERAL BERNARDO O'HIGGINS,63,COLCHAGUA,6303,CHIMBARONGO,7778,7135,14913,10046,10440,20486,17824,17575,35399,7429,5494,12923,1.22140329,755422186.791,148337.570466,508.76150513,69.5787735,-34.7516789138,-70.9808799529,https://upload.wikimedia.org/wikipedia/commons/0/07/Escudo_de_Chimbarongo.svg
238,13,REGIÓN METROPOLITANA DE SANTIAGO,136,TALAGANTE,13602,EL MONTE,3017,2861,5878,14776,15269,30045,17793,18130,35923,9778,2091,11869,0.49375695,166417181.541,59105.884365699996,114.87223816,312.72134399,-33.6678791261,-71.0335418234,https://upload.wikimedia.org/wikipedia/commons/0/04/Comuna_de_El_Monte.svg
239,13,REGIÓN METROPOLITANA DE SANTIAGO,136,TALAGANTE,13603,ISLA DE MAIPO,4756,4522,9278,13295,13646,26941,18051,18168,36219,8572,3254,11826,0.80168591,274806416.973,95287.68934560001,189.33641052,191.29443359,-33.7487199371,-70.9459116223,https://upload.wikimedia.org/wikipedia/commons/f/f9/Escudo_de_Isla_de_Maipo.png
240,8,REGIÓN DEL BIOBÍO,82,ARAUCO,8202,ARAUCO,4569,4368,8937,13306,14014,27320,17875,18382,36257,9534,3718,13252,2.21171848,1515518266.0,271736.026939,956.88024902,37.89084244,-37.2885901706,-73.3998060091,https://upload.wikimedia.org/wikipedia/commons/7/72/Bandera_de_Arauco.svg
241,6,REGIÓN DEL LIBERTADOR GENERAL BERNARDO O'HIGGINS,63,COLCHAGUA,6310,SANTA CRUZ,7569,7462,15031,11024,11800,22824,18593,19262,37855,8403,5931,14334,1.25984413,583245594.814,152689.620455,393.75570679,96.13829041,-34.6428770399,-71.4019190205,https://upload.wikimedia.org/wikipedia/commons/d/d6/Escudo_de_Santa_Cruz%2C_Chile.svg
242,9,REGIÓN DE LA ARAUCANÍA,91,CAUTÍN,9108,LAUTARO,5532,5160,10692,12916,14405,27321,18448,19565,38013,9939,4186,14125,2.36702426,1485257376.93,288475.83652199997,907.6708374,41.87971878,-38.5433593257,-72.289099197,https://upload.wikimedia.org/wikipedia/commons/4/4a/Escudo_de_Lautaro.svg
243,14,REGIÓN DE LOS RÍOS,142,RANCO,14201,LA UNIÓN,6095,5279,11374,12634,14028,26662,18729,19307,38036,9971,5154,15125,3.78762406,3656178671.12,468285.23623100005,2129.92480469,17.85790825,-40.2017945002,-73.2223210849,https://upload.wikimedia.org/wikipedia/commons/a/ab/Escudo_de_La_Uni%C3%B3n_%28Chile%29.svg
244,10,REGIÓN DE LOS LAGOS,102,CHILOÉ,10202,ANCUD,5548,5178,10726,13481,14784,28265,19029,19962,38991,11097,5862,16959,5.50824479,3153589605.68,699050.988189,1738.53161621,22.42754745,-42.0159379209,-73.8013178115,https://upload.wikimedia.org/wikipedia/commons/b/b5/Escudo_de_Ancud.png
245,7,REGIÓN DEL MAULE,72,CAUQUENES,7201,CAUQUENES,3896,3431,7327,15418,17696,33114,19314,21127,40441,13745,4150,17895,3.03503018,3250404904.81,373173.819799,2127.23242188,19.01108551,-35.9712438036,-72.2804905385,https://upload.wikimedia.org/wikipedia/commons/5/53/Escudo_de_Armas_de_Cauquenes.png
246,7,REGIÓN DEL MAULE,74,LINARES,7404,PARRAL,5655,5188,10843,14510,16284,30794,20165,21472,41637,12115,5333,17448,3.48874028,2522235104.44,429278.211663,1637.58312988,25.42588425,-36.2621427969,-71.6466288589,https://upload.wikimedia.org/wikipedia/commons/e/e5/Escudo_de_Parral.svg
247,5,REGIÓN DE VALPARAÍSO,51,VALPARAÍSO,5103,CONCÓN,1503,1240,2743,18818,20591,39409,20321,21831,42152,19228,1062,20290,0.48343122,109192602.236,57332.8183803,76.64678192,549.95135498,-32.9532977141,-71.4678670083,https://upload.wikimedia.org/wikipedia/commons/1/1b/Escudo_de_Conc%C3%B3n.svg
248,7,REGIÓN DEL MAULE,71,TALCA,7109,SAN CLEMENTE,11430,10173,21603,10247,11419,21666,21677,21592,43269,7718,10669,18387,4.48189337,6841275148.49,545188.1644380001,4501.1953125,9.61278057,-35.7115669361,-70.8497817736,https://upload.wikimedia.org/wikipedia/commons/e/ee/Escudo_de_San_Clemente_%28Chile%29.png
249,8,REGIÓN DEL BIOBÍO,81,CONCEPCIÓN,8106,LOTA,52,56,108,20898,22529,43427,20950,22585,43535,15381,108,15489,0.64769948,180821659.602,80583.6152443,114.727005,379.46600342,-37.1195814608,-73.1049584928,https://upload.wikimedia.org/wikipedia/commons/7/72/Escudo_de_Lota.svg
250,10,REGIÓN DE LOS LAGOS,102,CHILOÉ,10201,CASTRO,4875,4888,9763,16596,17448,34044,21471,22336,43807,13245,4776,18021,2.8794901000000004,859404741.344,360384.011917,467.15637207,93.77374268,-42.4737944023,-73.8046191297,https://upload.wikimedia.org/wikipedia/commons/2/20/Escudo_de_Castro_%28Chile%29.svg
251,10,REGIÓN DE LOS LAGOS,101,LLANQUIHUE,10109,PUERTO VARAS,6413,5955,12368,15465,16745,32210,21878,22700,44578,11936,5707,17643,5.87782062,7102566223.1,737441.571704,4020.07958984,11.08883572,-41.1907355599,-72.3881107087,https://upload.wikimedia.org/wikipedia/commons/0/0d/Escudo_de_Puerto_Varas.svg
252,7,REGIÓN DEL MAULE,74,LINARES,7406,SAN JAVIER,6642,6336,12978,15360,17209,32569,22002,23545,45547,12043,5852,17895,2.15579043,1987214684.88,263007.491346,1311.17749023,34.73748016,-35.6288205387,-71.9270734738,https://upload.wikimedia.org/wikipedia/commons/6/62/Escudo_de_San_Javier_%28Chile%29.svg
253,7,REGIÓN DEL MAULE,73,CURICÓ,7304,MOLINA,4521,4137,8658,18114,19204,37318,22635,23341,45976,13572,3766,17338,3.41239432,2287254842.16,416934.249659,1518.08654785,30.28549385,-35.352765887,-70.9109223843,https://upload.wikimedia.org/wikipedia/commons/9/90/Escudo_molina.jpg
254,7,REGIÓN DEL MAULE,71,TALCA,7102,CONSTITUCIÓN,4623,4172,8795,18382,18891,37273,23005,23063,46068,15113,3627,18740,2.5567234,2007967540.65,316189.42235,1334.39367676,34.52354431,-35.3630360324,-72.2757990108,https://upload.wikimedia.org/wikipedia/commons/2/2c/Escudo_de_Constituci%C3%B3n_%28Chile%29.svg
255,5,REGIÓN DE VALPARAÍSO,58,MARGA MARGA,5802,LIMACHE,3537,3415,6952,18816,20353,39169,22353,23768,46121,13906,2804,16710,1.17373273,421179751.805,140932.543458,295.18121338,156.24639893,-33.0307721107,-71.2789117691,https://upload.wikimedia.org/wikipedia/commons/4/48/Escudo_de_Limache.svg
256,6,REGIÓN DEL LIBERTADOR GENERAL BERNARDO O'HIGGINS,61,CACHAPOAL,6117,SAN VICENTE,10541,10016,20557,12761,13448,26209,23302,23464,46766,9479,8105,17584,1.19591876,714307297.1930001,145933.533499,484.27279663,96.5695343,-34.4774521387,-71.123127305,https://upload.wikimedia.org/wikipedia/commons/a/aa/2005-02-11_018.JPG
257,8,REGIÓN DEL BIOBÍO,81,CONCEPCIÓN,8107,PENCO,256,211,467,22361,24539,46900,22617,24750,47367,15603,231,15834,0.6901788000000001,167710460.785,85196.0093403,107.41139984,440.98669434,-36.7478790007,-72.9437440844,https://upload.wikimedia.org/wikipedia/commons/0/01/Heraldica_Municipalidad_de_Penco-01.png
258,7,REGIÓN DEL MAULE,71,TALCA,7105,MAULE,5573,5314,10887,18686,20148,38834,24259,25462,49721,14476,4207,18683,0.82458774,367211249.422,98098.6162528,242.99293518,204.61911011,-35.5082259024,-71.7120541694,https://upload.wikimedia.org/wikipedia/commons/d/df/Maule_Comuna_Armas.png
259,5,REGIÓN DE VALPARAÍSO,55,QUILLOTA,5502,CALERA,974,912,1886,23488,25180,48668,24462,26092,50554,17414,692,18106,0.55724602,84013059.6602,66716.071642,59.30477524,852.44403076,-32.7938563874,-71.157053149,https://upload.wikimedia.org/wikipedia/commons/4/44/La_Calera_Cross_2.jpg
260,3,REGIÓN DE ATACAMA,33,HUASCO,3301,VALLENAR,3098,2800,5898,22324,23695,46019,25422,26495,51917,16216,3186,19402,5.97541085,9410173105.23,712645.7566590001,7226.96191406,7.18379307,-28.5932109853,-70.6017299627,https://upload.wikimedia.org/wikipedia/commons/d/df/Escudo_Vallenar.png
261,6,REGIÓN DEL LIBERTADOR GENERAL BERNARDO O'HIGGINS,61,CACHAPOAL,6108,MACHALÍ,566,435,1001,25019,26485,51504,25585,26920,52505,19141,560,19701,2.79967252,3813705887.3,342001.717414,2593.34912109,20.24602127,-34.3204980754,-70.319487195,https://upload.wikimedia.org/wikipedia/commons/6/67/Comuna_de_Machal%C3%AD.svg
262,16,REGIÓN DE ÑUBLE,163,PUNILLA,16301,SAN CARLOS,9969,9794,19763,15456,17805,33261,25425,27599,53024,12773,8207,20980,2.10221671,1354553610.22,253659.89211100002,876.90893555,60.46694183,-36.385746064,-72.019057169,https://upload.wikimedia.org/wikipedia/commons/7/7a/San_Carlos%2Cchile.jpg
263,9,REGIÓN DE LA ARAUCANÍA,92,MALLECO,9201,ANGOL,2364,1987,4351,23249,25662,48911,25613,27649,53262,17429,1984,19413,2.51870572,1916751651.51,310256.239835,1195.71008301,44.54424286,-37.7687124996,-72.7957142527,https://upload.wikimedia.org/wikipedia/commons/f/f4/Escudo_de_Angol.svg
264,8,REGIÓN DEL BIOBÍO,81,CONCEPCIÓN,8111,TOMÉ,2787,2619,5406,23132,26408,49540,25919,29027,54946,20255,3068,23323,1.46059683,771827563.281,182212.483115,495.93667603,110.79237366,-36.6166323796,-72.8580501099,https://upload.wikimedia.org/wikipedia/commons/9/9d/Escudo_de_Tom%C3%A9.svg
265,9,REGIÓN DE LA ARAUCANÍA,91,CAUTÍN,9120,VILLARRICA,9706,9292,18998,17490,18990,36480,27196,28282,55478,16247,12041,28288,2.312346,2158022033.26,286428.357839,1291.13513184,42.96839523,-39.3008669518,-72.1828309674,https://upload.wikimedia.org/wikipedia/commons/0/05/Escudo_de_Villarrica.svg
266,11,REGIÓN DE AYSÉN DEL GENERAL CARLOS IBÁÑEZ DEL CAMPO,111,COYHAIQUE,11101,COYHAIQUE,4436,3414,7850,24327,25641,49968,28763,29055,57818,18991,5008,23999,7.90340318,14834742763.5,1019026.96531,7280.43847656,7.94155502,-45.5547953839,-71.99173699,https://upload.wikimedia.org/wikipedia/commons/8/8b/Escudo_de_Coihaique.svg
267,6,REGIÓN DEL LIBERTADOR GENERAL BERNARDO O'HIGGINS,61,CACHAPOAL,6115,RENGO,6609,6270,12879,22235,23711,45946,28844,29981,58825,16135,4713,20848,1.65473113,862735969.291,199876.860802,584.53759766,100.63510132,-34.4546323352,-70.7189568704,https://upload.wikimedia.org/wikipedia/commons/e/e3/Escudo_de_Rengo.svg
268,13,REGIÓN METROPOLITANA DE SANTIAGO,136,TALAGANTE,13604,PADRE HURTADO,3919,3603,7522,27533,28195,55728,31452,31798,63250,18422,2385,20807,0.50379383,116995684.111,60467.8754016,81.06806183,780.20855713,-33.5575346736,-70.8710073491,https://upload.wikimedia.org/wikipedia/commons/8/89/Comuna_de_Padre_Hurtado.svg
269,5,REGIÓN DE VALPARAÍSO,53,LOS ANDES,5301,LOS ANDES,3603,2088,5691,29686,31331,61017,33289,33419,66708,22130,1531,23661,2.24196399,1757398388.8,271270.831228,1233.09228516,54.09814072,-32.9509221798,-70.2435624785,https://upload.wikimedia.org/wikipedia/commons/1/17/Escudo_de_Los_Andes.svg
270,13,REGIÓN METROPOLITANA DE SANTIAGO,134,MAIPO,13404,PAINE,13330,12676,26006,23191,23562,46753,36521,36238,72759,14554,9908,24462,1.60386285,985040694.793,194491.771366,677.66375732,107.36740875,-33.8637126554,-70.7583137013,https://upload.wikimedia.org/wikipedia/commons/4/42/Escudo_de_Paine.svg
271,6,REGIÓN DEL LIBERTADOR GENERAL BERNARDO O'HIGGINS,63,COLCHAGUA,6301,SAN FERNANDO,5389,4872,10261,30688,33024,63712,36077,37896,73973,24274,4462,28736,2.64180073,3446549936.54,321145.799505,2321.18286133,31.8686657,-34.7435512842,-70.6032868181,https://upload.wikimedia.org/wikipedia/commons/f/f2/Escudo_de_San_Fernando_%28Chile%29.svg
272,13,REGIÓN METROPOLITANA DE SANTIAGO,136,TALAGANTE,13601,TALAGANTE,7531,7497,15028,29238,29971,59209,36769,37468,74237,18395,4876,23271,0.68172189,183173127.729,80507.182312,126.59617615,586.40789795,-33.6820001145,-70.8954488379,https://upload.wikimedia.org/wikipedia/commons/a/a1/Escudo_de_Talagante.svg
273,9,REGIÓN DE LA ARAUCANÍA,91,CAUTÍN,9112,PADRE LAS CASAS,15629,15054,30683,21367,24076,45443,36996,39130,76126,16033,10125,26158,1.80407154,763485182.656,219600.66295199998,463.31246948,164.30812073,-38.7917117043,-72.5788411915,https://upload.wikimedia.org/wikipedia/commons/3/38/Escudo_de_Padre_Las_Casas.svg
274,5,REGIÓN DE VALPARAÍSO,57,SAN FELIPE DE ACONCAGUA,5701,SAN FELIPE,3662,3565,7227,33557,36060,69617,37219,39625,76844,25146,2562,27708,0.93967427,264713670.25599998,113645.97335,186.86373901,411.23013306,-32.736396253,-70.7529583568,https://upload.wikimedia.org/wikipedia/commons/1/12/Escudo_de_San_Felipe.svg
275,13,REGIÓN METROPOLITANA DE SANTIAGO,131,SANTIAGO,13102,CERRILLOS,0,0,0,39631,41201,80832,39631,41201,80832,24547,0,24547,0.20330731,24197898.5156,25050.8820567,16.77964973,4817.26367188,-33.4997666344,-70.712543579,https://upload.wikimedia.org/wikipedia/commons/6/63/Escudo_de_Cerrillos.svg
276,13,REGIÓN METROPOLITANA DE SANTIAGO,131,SANTIAGO,13131,SAN RAMÓN,0,0,0,40873,42027,82900,40873,42027,82900,23855,0,23855,0.11076507,8935112.58789,14023.827470700002,6.27711153,13206.7109375,-33.5405373668,-70.6423153126,https://upload.wikimedia.org/wikipedia/commons/e/ed/Escudo_de_San_Ram%C3%B3n.svg
277,13,REGIÓN METROPOLITANA DE SANTIAGO,131,SANTIAGO,13132,VITACURA,0,0,0,38402,46982,85384,38402,46982,85384,31777,0,31777,0.25907329999999995,40948101.5449,30663.799345599997,28.41703415,3004.67675781,-33.3795435948,-70.5731304191,https://upload.wikimedia.org/wikipedia/commons/8/80/Emblema_Vitacura.svg
278,8,REGIÓN DEL BIOBÍO,81,CONCEPCIÓN,8103,CHIGUAYANTE,37,38,75,40468,45395,85863,40505,45433,85938,28927,32,28959,0.4773693,99210118.5039,60471.586666100004,63.46437073,1354.11413574,-36.9007781691,-73.0051869676,https://upload.wikimedia.org/wikipedia/commons/f/f1/Escudo_de_Chiguayante.svg
279,13,REGIÓN METROPOLITANA DE SANTIAGO,131,SANTIAGO,13109,LA CISTERNA,0,0,0,43147,46972,90119,43147,46972,90119,31480,0,31480,0.12494343,14552391.0684,15270.0703902,9.97913933,9030.73925781,-33.5302579467,-70.6639942163,https://upload.wikimedia.org/wikipedia/commons/e/e3/Escudo_de_La_Cisterna.svg
280,13,REGIÓN METROPOLITANA DE SANTIAGO,136,TALAGANTE,13605,PEÑAFLOR,3572,3565,7137,40372,42692,83064,43944,46257,90201,26356,2193,28549,0.39132614,100206934.736,46417.539795699995,69.3297348,1301.0435791,-33.6110597266,-70.8937471949,https://upload.wikimedia.org/wikipedia/commons/3/3e/Escudo_de_Pe%C3%B1aflor_%28Chile%29.svg
281,5,REGIÓN DE VALPARAÍSO,55,QUILLOTA,5501,QUILLOTA,6289,5897,12186,37248,41083,78331,43537,46980,90517,28594,4524,33118,0.89770381,428803372.813,105623.43086000001,301.56591797,300.15661621,-32.9047476491,-71.2724210415,https://upload.wikimedia.org/wikipedia/commons/8/85/Escudo_de_Quillota.svg
282,5,REGIÓN DE VALPARAÍSO,56,SAN ANTONIO,5601,SAN ANTONIO,2488,2293,4781,42225,44344,86569,44713,46637,91350,30061,2432,32493,1.2379143999999997,576533852.887,148715.271609,398.50613403,229.23109436,-33.6671475155,-71.4869305281,https://upload.wikimedia.org/wikipedia/commons/b/b1/Escudo_de_San_Antonio_%28Chile%29.svg
283,8,REGIÓN DEL BIOBÍO,81,CONCEPCIÓN,8112,HUALPÉN,402,386,788,43086,47899,90985,43488,48285,91773,30474,248,30722,0.48364066,71218738.3203,57747.7140344,45.564525599999996,2014.13269043,-36.7887941186,-73.141186622,https://upload.wikimedia.org/wikipedia/commons/b/b7/Escudo_de_Hualp%C3%A9n.svg
284,13,REGIÓN METROPOLITANA DE SANTIAGO,131,SANTIAGO,13113,LA REINA,0,0,0,43599,49188,92787,43599,49188,92787,29801,0,29801,0.24237392,33685680.4961,28281.8266752,23.43809128,3958.81201172,-33.4472983533,-70.5368973286,https://upload.wikimedia.org/wikipedia/commons/b/bb/Coat_of_Arms_of_La_Reina.svg
285,7,REGIÓN DEL MAULE,74,LINARES,7401,LINARES,8149,7781,15930,36522,41150,77672,44671,48931,93602,28313,7363,35676,2.86479333,2243375927.17,350473.408213,1466.85595703,63.81130981,-35.9582747955,-71.3325671389,https://upload.wikimedia.org/wikipedia/commons/1/19/Escudo_de_Linares_%28Chile%29.svg
286,13,REGIÓN METROPOLITANA DE SANTIAGO,131,SANTIAGO,13129,SAN JOAQUÍN,0,0,0,45831,48661,94492,45831,48661,94492,30096,0,30096,0.13386462,14196855.207,16866.6670189,9.9422617,9504.07519531,-33.4962058728,-70.6287005921,https://upload.wikimedia.org/wikipedia/commons/8/8e/Escudo_de_San_Joaqu%C3%ADn_%28Chile%29.svg
287,13,REGIÓN METROPOLITANA DE SANTIAGO,131,SANTIAGO,13117,LO PRADO,0,0,0,46799,49450,96249,46799,49450,96249,29526,0,29526,0.10670132,9445860.597660001,12768.2584315,6.56004858,14671.995117200002,-33.4471037431,-70.7232074374,https://upload.wikimedia.org/wikipedia/commons/0/0b/Escudo_de_Lo_Prado.svg
288,13,REGIÓN METROPOLITANA DE SANTIAGO,134,MAIPO,13402,BUIN,7032,6671,13703,40543,42368,82911,47575,49039,96614,26921,4231,31152,0.87376555,315540028.09599996,105298.63186000001,217.49774169999998,444.20690918,-33.7480620996,-70.7389422429,https://upload.wikimedia.org/wikipedia/commons/5/55/Escudo_de_Buin.svg
289,13,REGIÓN METROPOLITANA DE SANTIAGO,131,SANTIAGO,13107,HUECHURABA,53,46,99,48069,50503,98572,48122,50549,98671,28914,31,28945,0.32052798,64682843.0742,38454.146374699994,44.89830017,2197.65551758,-33.3603864655,-70.6382097062,https://upload.wikimedia.org/wikipedia/commons/f/f0/Escudo_de_Huechuraba.svg
290,13,REGIÓN METROPOLITANA DE SANTIAGO,131,SANTIAGO,13116,LO ESPEJO,0,0,0,49146,49658,98804,49146,49658,98804,26774,0,26774,0.11164979,11704346.7793,13747.2051236,8.23835754,11993.167968799999,-33.5206260898,-70.6900083545,https://upload.wikimedia.org/wikipedia/commons/9/99/Comuna_de_Lo_Espejo.svg
291,13,REGIÓN METROPOLITANA DE SANTIAGO,131,SANTIAGO,13108,INDEPENDENCIA,0,0,0,49186,51095,100281,49186,51095,100281,36666,0,36666,0.11149210000000001,10657655.7441,13645.157183000001,7.35546017,13633.5458984,-33.4148683626,-70.6652854661,https://upload.wikimedia.org/wikipedia/commons/7/7f/Escudo_de_Independencia%2C_Chile.svg
292,13,REGIÓN METROPOLITANA DE SANTIAGO,131,SANTIAGO,13121,PEDRO AGUIRRE CERDA,0,0,0,49513,51661,101174,49513,51661,101174,29906,0,29906,0.12750105,12650067.0879,15593.008239200002,8.75592804,11554.9150391,-33.4917427389,-70.6756529433,https://upload.wikimedia.org/wikipedia/commons/6/6e/Escudo_de_Pedro_Aguirre_Cerda.svg
293,13,REGIÓN METROPOLITANA DE SANTIAGO,133,CHACABUCO,13302,LAMPA,10996,10277,21273,40549,40212,80761,51545,50489,102034,26370,6972,33342,1.03528098,645915507.467,126276.028997,450.14556885,226.66889954,-33.2781069011,-70.8751595286,https://upload.wikimedia.org/wikipedia/commons/3/3a/Escudo_de_Lampa.svg
294,13,REGIÓN METROPOLITANA DE SANTIAGO,131,SANTIAGO,13115,LO BARNECHEA,2143,556,2699,48357,54777,103134,50500,55333,105833,29016,2209,31225,1.45869138,1469094240.57,177255.593975,1023.19354248,103.43399811,-33.2992823113,-70.3686132049,https://upload.wikimedia.org/wikipedia/commons/c/cf/Comuna_de_Lo_Barnechea.svg
295,13,REGIÓN METROPOLITANA DE SANTIAGO,131,SANTIAGO,13130,SAN MIGUEL,0,0,0,50738,57216,107954,50738,57216,107954,42947,0,42947,0.12883632,14038301.4531,16018.4565637,9.61315441,11229.8212891,-33.4991877079,-70.6517764643,https://upload.wikimedia.org/wikipedia/commons/f/f1/Escudo_de_San_Miguel_%28Chile%29.svg
296,1,REGIÓN DE TARAPACÁ,11,IQUIQUE,1107,ALTO HOSPICIO,2178,313,2491,52028,53856,105884,54206,54169,108375,33090,88,33178,0.94837877,655223786.244,109555.123532,573.84875488,188.85638428,-20.1899464527,-70.0109621438,https://upload.wikimedia.org/wikipedia/commons/c/c4/Escudo_de_Alto_Hospicio.svg
297,13,REGIÓN METROPOLITANA DE SANTIAGO,131,SANTIAGO,13126,QUINTA NORMAL,0,0,0,53669,56357,110026,53669,56357,110026,38989,0,38989,0.17384108,16872413.3672,20954.3838998,11.8173008,9310.5859375,-33.4278344665,-70.7013745412,https://upload.wikimedia.org/wikipedia/commons/2/27/Escudo_de_Quinta_Normal.svg
298,4,REGIÓN DE COQUIMBO,43,LIMARÍ,4301,OVALLE,12383,11350,23733,41236,46303,87539,53619,57653,111272,30979,11116,42095,4.65742316,4812124884.69,561741.850237,3549.86010742,31.34545898,-30.6730105462,-71.4053054306,https://upload.wikimedia.org/wikipedia/commons/8/88/Escudo_de_Ovalle.svg
299,8,REGIÓN DEL BIOBÍO,81,CONCEPCIÓN,8102,CORONEL,1592,1596,3188,54207,58867,113074,55799,60463,116262,39741,1434,41175,1.25110951,429472775.047,156823.692971,272.91064453,426.00756836,-37.0072133621,-73.1255841444,https://upload.wikimedia.org/wikipedia/commons/d/d7/EscudoCoronel.JPG
300,13,REGIÓN METROPOLITANA DE SANTIAGO,131,SANTIAGO,13118,MACUL,0,0,0,55161,61373,116534,55161,61373,116534,43121,0,43121,0.14963388,18520195.4336,18281.424597999998,12.84227562,9074.24902344,-33.4896213742,-70.6003158286,https://upload.wikimedia.org/wikipedia/commons/8/85/Escudo_de_Macul.svg
301,13,REGIÓN METROPOLITANA DE SANTIAGO,131,SANTIAGO,13111,LA GRANJA,0,0,0,57025,59546,116571,57025,59546,116571,34423,0,34423,0.1351985,14638991.1699,16953.2650451,10.08919907,11554.0390625,-33.5355839141,-70.6226262658,https://upload.wikimedia.org/wikipedia/commons/1/1d/Escudo_de_La_Granja_%28Chile%29.svg
302,13,REGIÓN METROPOLITANA DE SANTIAGO,135,MELIPILLA,13501,MELIPILLA,20064,18839,38903,41346,43378,84724,61410,62217,123627,28873,14520,43393,2.30131549,1960011201.83,277486.999594,1352.15478516,91.42961884,-33.7437525386,-71.1936904819,https://upload.wikimedia.org/wikipedia/commons/a/a5/Escudo_de_Melipilla.svg
303,5,REGIÓN DE VALPARAÍSO,58,MARGA MARGA,5804,VILLA ALEMANA,625,596,1221,59131,66196,125327,59756,66792,126548,44443,539,44982,0.49341724,136992830.881,60159.737484599995,96.01743317,1317.96899414,-33.0675667576,-71.330163502,https://upload.wikimedia.org/wikipedia/commons/d/de/Escudo_de_Villa_Alemana.svg
304,13,REGIÓN METROPOLITANA DE SANTIAGO,131,SANTIAGO,13104,CONCHALÍ,0,0,0,61877,65078,126955,61877,65078,126955,37759,0,37759,0.13793497,15905959.1211,16776.2038814,11.10976315,11427.3359375,-33.3837226006,-70.6769054419,https://upload.wikimedia.org/wikipedia/commons/7/79/Escudo_de_Conchal%C3%AD.svg
305,12,REGIÓN DE MAGALLANES Y DE LA ANTÁRTICA CHILENA,121,MAGALLANES,12101,PUNTA ARENAS,3363,2297,5660,62175,63757,125932,65538,66054,131592,46493,4008,50501,177.80606811,50360774877.7,23890618.422,17768.8828125,7.405755999999999,-53.6467902489,-72.0254461498,https://upload.wikimedia.org/wikipedia/commons/3/36/Escudo_de_Punta_Arenas.svg
306,8,REGIÓN DEL BIOBÍO,81,CONCEPCIÓN,8108,SAN PEDRO DE LA PAZ,51,73,124,62890,68794,131684,62941,68867,131808,47466,45,47511,0.49596725,143580130.441,63232.7916645,91.59680176,1439.00231934,-36.8809102037,-73.098476665,https://upload.wikimedia.org/wikipedia/commons/d/d9/Escudo_de_San_Pedro_de_la_Paz.svg
307,13,REGIÓN METROPOLITANA DE SANTIAGO,131,SANTIAGO,13103,CERRO NAVIA,0,0,0,65438,67184,132622,65438,67184,132622,38020,0,38020,0.16845627,16101300.7402,19750.0827322,11.0973587,11950.7714844,-33.4224795137,-70.7445869321,https://upload.wikimedia.org/wikipedia/commons/2/26/Escudo_de_Cerro_Navia.svg
308,13,REGIÓN METROPOLITANA DE SANTIAGO,131,SANTIAGO,13123,PROVIDENCIA,0,0,0,65710,76369,142079,65710,76369,142079,70965,0,70965,0.15854300000000002,20543805.6523,19164.557024200003,14.39414597,9870.609375,-33.4318510545,-70.6124427502,https://upload.wikimedia.org/wikipedia/commons/5/5b/Escudo_de_Providencia_%28Chile%29.svg
309,13,REGIÓN METROPOLITANA DE SANTIAGO,133,CHACABUCO,13301,COLINA,13940,14249,28189,60695,57323,118018,74635,71572,146207,35279,7749,43028,1.67023051,1388291115.35,203420.7382,970.69775391,150.62051392,-33.1348994888,-70.6160981639,https://upload.wikimedia.org/wikipedia/commons/8/89/Escudo_de_Colina_%28Chile%29.svg
310,13,REGIÓN METROPOLITANA DE SANTIAGO,131,SANTIAGO,13106,ESTACIÓN CENTRAL,0,0,0,73458,73583,147041,73458,73583,147041,52486,0,52486,0.18909735,20762011.6152,22529.2921649,14.35326099,10244.4316406,-33.4644562811,-70.7009892068,https://upload.wikimedia.org/wikipedia/commons/0/01/Escudo_de_Estaci%C3%B3n_Central.svg
311,13,REGIÓN METROPOLITANA DE SANTIAGO,131,SANTIAGO,13128,RENCA,0,0,0,72681,74470,147151,72681,74470,147151,43174,0,43174,0.288063,34035034.0039,34207.314087599996,23.75544167,6194.41210938,-33.4019186431,-70.727935172,https://upload.wikimedia.org/wikipedia/commons/3/34/Escudo_de_Renca.svg
312,7,REGIÓN DEL MAULE,73,CURICÓ,7301,CURICÓ,8587,7980,16567,63924,68645,132569,72511,76625,149136,48124,6474,54598,3.20319739,2001250360.2,386869.812704,1333.78759766,111.81390381,-35.198494361,-70.8973707757,https://upload.wikimedia.org/wikipedia/commons/4/45/Escudo_de_Curic%C3%B3.svg
313,5,REGIÓN DE VALPARAÍSO,58,MARGA MARGA,5801,QUILPUÉ,1111,1001,2112,70635,78961,149596,71746,79962,151708,55424,1427,56851,1.5951468,766337794.625,191961.04952,536.03820801,283.01715088,-33.1473777099,-71.2540917137,https://upload.wikimedia.org/wikipedia/commons/5/5c/Escudo_de_Quilpu%C3%A9.svg
314,8,REGIÓN DEL BIOBÍO,81,CONCEPCIÓN,8110,TALCAHUANO,1043,386,1429,71950,78370,150320,72993,78756,151749,50466,133,50599,0.98334896,145493090.805,122103.033577,93.16247559,1628.8638916,-36.7154060838,-73.099437088,https://upload.wikimedia.org/wikipedia/commons/c/c9/Escudo_de_Talcahuano.svg
315,3,REGIÓN DE ATACAMA,31,COPIAPÓ,3101,COPIAPÓ,1637,1338,2975,74990,75972,150962,76627,77310,153937,53641,1924,55565,11.81348598,22623871504.4,1392631.04437,17780.3027344,8.65772629,-27.3205190244,-69.82547165,https://upload.wikimedia.org/wikipedia/commons/3/38/Escudo_de_Copiap%C3%B3.svg
316,13,REGIÓN METROPOLITANA DE SANTIAGO,131,SANTIAGO,13127,RECOLETA,0,0,0,77709,80142,157851,77709,80142,157851,50178,0,50178,0.17895426,22677272.5234,22059.816229400003,15.78466702,10000.2744141,-33.4057938065,-70.6395869549,https://upload.wikimedia.org/wikipedia/commons/7/72/Escudo_de_Recoleta_%28Chile%29.svg
317,10,REGIÓN DE LOS LAGOS,103,OSORNO,10301,OSORNO,6987,6647,13634,70168,77658,147826,77155,84305,161460,54764,5368,60132,2.59097419,1658706044.03,326707.92111999996,954.9631957999999,169.07458496,-40.6118925181,-73.0867453662,https://upload.wikimedia.org/wikipedia/commons/f/fd/Escudo_de_Osorno.svg
318,13,REGIÓN METROPOLITANA DE SANTIAGO,131,SANTIAGO,13105,EL BOSQUE,0,0,0,79372,83133,162505,79372,83133,162505,47941,0,47941,0.15100976,20556192.9648,18499.7131182,14.32440186,11344.6269531,-33.5628660108,-70.6763067367,https://upload.wikimedia.org/wikipedia/commons/9/99/Comuna_de_El_Bosque.svg
319,2,REGIÓN DE ANTOFAGASTA,22,EL LOA,2201,CALAMA,5619,1625,7244,80430,78057,158487,86049,79682,165731,53045,4262,57307,6.02715538,18278099852.3,703500.0911729999,15587.5927734,10.63223839,-22.1621189149,-68.6297098246,https://upload.wikimedia.org/wikipedia/commons/1/1f/Escudo_de_Calama.svg
320,14,REGIÓN DE LOS RÍOS,141,VALDIVIA,14101,VALDIVIA,6125,5239,11364,74223,80493,154716,80348,85732,166080,56021,5171,61192,5.34476461,1638118308.25,675035.790174,965.71728516,171.97579956,-39.8177863595,-73.1746908864,https://upload.wikimedia.org/wikipedia/commons/4/4b/Escudo_de_Valdivia.svg
321,13,REGIÓN METROPOLITANA DE SANTIAGO,131,SANTIAGO,13112,LA PINTANA,0,0,0,87044,90291,177335,87044,90291,177335,50042,0,50042,0.25874363,44102900.377,31888.3678492,30.45133972,5823.55322266,-33.5875956254,-70.6372519122,https://upload.wikimedia.org/wikipedia/commons/8/81/Escudo_de_La_Pintana.svg
322,16,REGIÓN DE ÑUBLE,161,DIGUILLÍN,16101,CHILLÁN,8088,8004,16092,79433,89214,168647,87521,97218,184739,61352,6502,67854,2.13211327,737849045.68,257551.520424,474.82727051,389.06567383,-36.6174916649,-72.1287244312,https://upload.wikimedia.org/wikipedia/commons/6/61/Escudo_de_Chill%C3%A1n.svg
323,1,REGIÓN DE TARAPACÁ,11,IQUIQUE,1101,IQUIQUE,1417,986,2403,93480,95585,189065,94897,96571,191468,65498,1488,66986,3.77706865,2636780105.06,439871.45640200004,2287.62353516,83.69734192,-20.9406151208,-70.041538352,https://upload.wikimedia.org/wikipedia/commons/b/b3/Escudo_de_Iquique.svg
324,8,REGIÓN DEL BIOBÍO,83,BIOBÍO,8301,LOS ÁNGELES,26055,25189,51244,71925,79162,151087,97980,104351,202331,55020,19916,74936,2.59784022,2779001547.55,317642.818769,1751.03833008,115.54915619,-37.40749778,-72.3274299995,https://upload.wikimedia.org/wikipedia/commons/d/da/Escudo_de_Los_%C3%81ngeles_%28Chile%29.svg
325,13,REGIÓN METROPOLITANA DE SANTIAGO,131,SANTIAGO,13120,ÑUÑOA,0,0,0,95409,112828,208237,95409,112828,208237,92248,0,92248,0.17543634,24312289.9219,21168.7374012,16.85680199,12353.292968799999,-33.4580935513,-70.5991274507,https://upload.wikimedia.org/wikipedia/commons/1/18/Escudo_de_%C3%91u%C3%B1oa.svg
326,13,REGIÓN METROPOLITANA DE SANTIAGO,131,SANTIAGO,13125,QUILICURA,330,222,552,103126,106732,209858,103456,106954,210410,62278,192,62470,0.34884564,82393986.5254,41289.8441858,57.32133484,3670.71020508,-33.3557121273,-70.7354190659,https://upload.wikimedia.org/wikipedia/commons/e/ed/Escudo_de_Quilicura.svg
327,7,REGIÓN DEL MAULE,71,TALCA,7101,TALCA,4819,4622,9441,100803,110113,210916,105622,114735,220357,77378,3432,80810,0.83420002,350271466.79300004,103620.785837,232.00720215,949.78515625,-35.4278227385,-71.6021975979,https://upload.wikimedia.org/wikipedia/commons/8/85/Escudo_de_Talca.svg
328,4,REGIÓN DE COQUIMBO,41,ELQUI,4101,LA SERENA,11114,9300,20414,94722,105918,200640,105836,115218,221054,78787,8677,87464,2.5682784,2532762458.82,306997.851422,1901.45361328,116.25527191,-29.7891138006,-71.0608208619,https://upload.wikimedia.org/wikipedia/commons/0/06/Escudo_de_La_Serena.svg
329,15,REGIÓN DE ARICA Y PARINACOTA,151,ARICA,15101,ARICA,9678,6607,16285,99711,105368,205079,109389,111975,221364,66397,6242,72639,3.38558453,5362875726.93,385226.622318,4792.37597656,46.19086456,-18.5321930844,-69.9714910871,https://es.wikipedia.org/wiki/Arica#/media/Archivo:Escudo_de_Arica.svg
330,8,REGIÓN DEL BIOBÍO,81,CONCEPCIÓN,8101,CONCEPCIÓN,2258,2259,4517,105366,113691,219057,107624,115950,223574,83927,1711,85638,0.84781326,337655453.891,104779.935819,215.82827759,1035.88830566,-36.8343032785,-72.9508292392,https://upload.wikimedia.org/wikipedia/commons/b/b1/Escudo_de_Concepción_%28Chile%29.svg
331,4,REGIÓN DE COQUIMBO,41,ELQUI,4102,COQUIMBO,6662,6518,13180,103210,111340,214550,109872,117858,227730,82063,7436,89499,2.70815362,1915023875.86,325049.6999,1425.08251953,159.80126953,-30.2274175634,-71.3589871987,https://upload.wikimedia.org/wikipedia/commons/8/8c/Escudo_de_Coquimbo.svg
332,13,REGIÓN METROPOLITANA DE SANTIAGO,131,SANTIAGO,13124,PUDAHUEL,2155,2000,4155,110257,115881,226138,112412,117881,230293,67613,1327,68940,0.71132011,283968135.449,85102.01869239999,197.2583313,1167.46911621,-33.4240839322,-70.8548358134,https://upload.wikimedia.org/wikipedia/commons/c/ca/Escudo_de_Pudahuel.svg
333,13,REGIÓN METROPOLITANA DE SANTIAGO,131,SANTIAGO,13122,PEÑALOLÉN,0,0,0,116882,124717,241599,116882,124717,241599,70394,0,70394,0.37143994,77268398.5215,43484.8729552,53.60748672,4506.81445313,-33.4854653623,-70.525497685,https://upload.wikimedia.org/wikipedia/commons/d/df/Escudo_de_Pe%C3%B1alol%C3%A9n.svg
334,6,REGIÓN DEL LIBERTADOR GENERAL BERNARDO O'HIGGINS,61,CACHAPOAL,6101,RANCAGUA,4667,2924,7591,113275,120908,234183,117942,123832,241774,87992,2051,90043,0.80360789,382835855.19699997,96984.9818673,261.74942017,923.68493652,-34.1257615173,-70.816747872,https://upload.wikimedia.org/wikipedia/commons/b/b7/Escudo_de_Rancagua.png
335,10,REGIÓN DE LOS LAGOS,101,LLANQUIHUE,10101,PUERTO MONTT,13310,12449,25759,107709,112434,220143,121019,124883,245902,81573,11807,93380,4.0411305,2985827716.93,509090.66521099996,1674.01367188,146.8936615,-41.4889346963,-72.7955813241,https://upload.wikimedia.org/wikipedia/commons/c/c0/Escudo_de_Puerto_Montt.svg
336,9,REGIÓN DE LA ARAUCANÍA,91,CAUTÍN,9101,TEMUCO,9766,9484,19250,124523,138642,263165,134289,148126,282415,97737,7020,104757,1.13813955,764074904.5510001,140875.482005,465.19735718,607.08642578,-38.6732629809,-72.6677671889,https://upload.wikimedia.org/wikipedia/commons/e/e2/Escudo_de_Temuco.svg
337,13,REGIÓN METROPOLITANA DE SANTIAGO,131,SANTIAGO,13114,LAS CONDES,0,0,0,135917,158921,294838,135917,158921,294838,118007,0,118007,0.51417939,142733761.398,61357.3481655,99.04109955,2976.92578125,-33.4212491652,-70.5013173991,https://upload.wikimedia.org/wikipedia/commons/c/c3/Escudo_de_Las_Condes.svg
338,5,REGIÓN DE VALPARAÍSO,51,VALPARAÍSO,5101,VALPARAÍSO,436,301,737,144509,151409,295918,144945,151710,296655,115970,1226,117196,1.40266594,452071490.672,167384.228819,318.0100708,932.84783936,-32.9978836561,-71.7533398553,https://upload.wikimedia.org/wikipedia/commons/7/7f/Escudo_de_Valpara%C3%ADso_%28Chile%29.svg
339,13,REGIÓN METROPOLITANA DE SANTIAGO,134,MAIPO,13401,SAN BERNARDO,2596,2469,5065,145204,151044,296248,147800,153513,301313,88635,1606,90241,0.84376486,221343836.262,102327.632664,152.87542725,1970.97070313,-33.6292694295,-70.724181018,https://upload.wikimedia.org/wikipedia/commons/4/4d/Escudo_de_San_Bernardo_%28Chile%29.svg
340,5,REGIÓN DE VALPARAÍSO,51,VALPARAÍSO,5109,VIÑA DEL MAR,0,0,0,158669,175579,334248,158669,175579,334248,147117,0,147117,0.59710918,172001380.008,72706.6273447,120.57284546,2772.16650391,-33.0288002963,-71.5154312157,https://upload.wikimedia.org/wikipedia/commons/8/88/Escudo_de_Vi%C3%B1a_del_Mar.svg
341,2,REGIÓN DE ANTOFAGASTA,21,ANTOFAGASTA,2101,ANTOFAGASTA,6906,863,7769,174940,179164,354104,181846,180027,361873,111752,699,112451,10.68244873,37127444667.7,1236881.7535,30690.392578099996,11.79108429,-24.2767223957,-69.4100886557,https://upload.wikimedia.org/wikipedia/commons/6/65/Escudo_de_Antofagasta.svg
342,13,REGIÓN METROPOLITANA DE SANTIAGO,131,SANTIAGO,13110,LA FLORIDA,67,50,117,175626,191173,366799,175693,191223,366916,119991,44,120035,0.49971219,102326496.04100001,58877.6197824,70.82265472,5180.77148438,-33.5284141101,-70.5399741188,https://upload.wikimedia.org/wikipedia/commons/1/1c/Escudo_de_La_Florida_%28Chile%29.svg
343,13,REGIÓN METROPOLITANA DE SANTIAGO,131,SANTIAGO,13101,SANTIAGO,0,0,0,206678,197817,404495,206678,197817,404495,193628,0,193628,0.24052378,33366985.8047,28964.1733109,23.13523674,17483.9355469,-33.4537511827,-70.6569543965,https://upload.wikimedia.org/wikipedia/commons/7/7c/Escudo_de_Santiago_%28Chile%29.svg
344,13,REGIÓN METROPOLITANA DE SANTIAGO,131,SANTIAGO,13119,MAIPÚ,1952,1481,3433,248840,269354,518194,250792,270835,521627,160389,965,161354,0.61626031,198389205.438,73181.78778510001,137.67613219999998,3788.79760742,-33.5069808741,-70.8097575548,https://upload.wikimedia.org/wikipedia/commons/7/7d/Escudo_de_Maip%C3%BA_%28Chile%29.svg
345,13,REGIÓN METROPOLITANA DE SANTIAGO,132,CORDILLERA,13201,PUENTE ALTO,6,6,12,275141,292953,568094,275147,292959,568106,171506,5,171511,0.49167463,127416650.10700001,59058.971906599996,88.23865509,6438.28955078,-33.5911737357,-70.5579820209,https://upload.wikimedia.org/wikipedia/commons/4/43/Escudo_de_Puente_Alto.svg
